sp1	sp2	symp	area1	area2
14	39	0.46025891825560605	61	87
20	72	0.7941252641226058	100	66
71	123	0.7525758914935171	58	51
45	32	0.8250056904946947	22	59
43	58	0.9218549298571735	57	13
109	144	0.8171901782374629	62	8
90	55	0.35852272394845863	47	51
10	86	0.188474456811212	96	92
37	44	0.8814323695704386	8	84
3	137	0.5319160261998855	32	3
97	89	0.5770965815864882	25	82
41	141	0.7629617811169811	7	53
129	12	0.20708880692655218	82	95
88	136	0.7286935126668892	40	96
45	102	0.6925857098607942	22	3
94	45	0.03095223336025532	53	22
11	66	0.3646471380464137	43	55
156	27	0.2654858891630736	64	40
8	34	0.20708248881960256	15	73
121	94	0.9189542988772641	68	53
12	77	0.9934354143237847	95	45
145	39	0.09985128580201386	1	87
125	52	0.8095714551494527	21	64
16	78	0.0012727091254383094	23	33
32	11	0.2601748553142199	59	43
5	106	0.811012391110906	35	11
20	61	0.11940991292998171	100	10
88	52	0.562322111685037	40	64
11	24	0.9841498465682764	43	93
47	4	0.47144774450654225	30	89
136	108	0.48916727467479393	96	65
132	19	0.3068743311274219	1	11
98	111	0.6835812857883055	37	58
20	59	0.7745059477500338	100	97
23	148	0.6334683189260444	43	12
3	36	0.49231603178689154	32	13
124	115	0.2597043967899243	35	93
62	53	0.6747766063386389	91	99
45	98	0.27678295806386277	22	37
43	66	0.2025693196281022	57	55
38	105	0.9914122030105308	77	63
117	70	0.5446181066366003	44	67
71	119	0.2650273536141957	58	93
144	99	0.04878932019239768	8	31
146	60	0.9737695631918951	8	65
127	143	0.7334591877318294	92	63
105	143	0.8627355986194222	63	63
81	5	0.8229000062908008	44	35
144	22	0.03276016874985366	8	41
135	101	0.13932139951223343	29	51
148	53	0.842820116384385	12	99
14	24	0.7578169057556288	61	93
101	13	0.7572878432635348	51	51
40	94	0.27686034914207147	88	53
33	81	0.1487458126910821	16	44
87	69	0.16364120245678737	100	46
6	14	0.7169796119181067	79	61
150	42	0.46752548016981943	34	16
58	90	0.7167487092755841	13	47
149	91	0.1662201387975274	1	17
82	20	0.2482465774737036	77	100
153	45	0.9006254580980939	6	22
33	82	0.8796292266930008	16	77
83	92	0.17895382453858455	62	84
22	51	0.18918959613973574	41	93
146	33	0.018733526327431416	8	16
61	35	0.24135395843846308	10	94
16	36	0.9619898753111389	23	13
97	27	0.21818732533944485	25	40
77	90	0.3715543095724313	45	47
70	74	0.8412691028312649	67	56
23	119	0.9211212093306892	43	93
152	98	0.39320422140022715	86	37
35	122	0.2606779916568961	94	36
108	112	0.5155710560514385	65	15
100	131	0.8520045877210899	68	90
67	86	0.905456336005443	58	92
30	28	0.5762057715466716	86	35
15	71	0.05486519502612075	50	58
115	154	0.9208449114684983	93	83
87	92	0.8150933027809475	100	84
106	112	0.7871917583318209	11	15
145	25	0.7103596515279459	1	79
65	115	0.7218919961602109	26	93
64	26	0.9216733765710987	99	93
47	137	0.5889240540541254	30	3
77	48	0.27198029742379537	45	37
102	5	0.2770771690495085	3	35
124	27	0.36554529944001624	35	40
14	18	0.06114417887577528	61	7
38	137	0.9973371012204154	77	3
1	6	0.6874055178919981	97	79
74	113	0.5170669205935078	56	10
140	136	0.28113843678005057	47	96
103	84	0.9959596156560423	86	99
56	146	0.7379147271524417	30	8
110	49	0.10909214724864713	13	54
38	136	0.44649878084927097	77	96
77	143	0.8116986216011369	45	63
74	57	0.1382203446701762	56	43
31	146	0.05138350910704936	56	8
113	131	0.9016056847378174	10	90
60	137	0.050496255942229284	65	3
140	145	0.44183217231336835	47	1
110	58	0.7428636140280077	13	13
98	48	0.2629232267562558	37	37
79	7	0.019991263603690412	52	43
107	22	0.04507846455767117	57	41
148	38	0.3468638700389206	12	77
104	98	0.21977568641214695	30	37
88	53	0.7958436661180052	40	99
49	9	0.7915795397852149	54	41
44	127	0.9345097020314679	84	92
91	69	0.07537786705606975	17	46
15	122	0.045107737068568965	50	36
36	72	0.3857165456388	13	66
116	68	0.4650948904657448	69	72
97	77	0.2776060275015686	25	45
16	134	0.922773647904938	23	2
78	45	0.6435117759640022	33	22
76	94	0.2811921104578915	63	53
3	129	0.03403525681042452	32	82
126	69	0.34783878048103267	75	46
95	154	0.701172890852292	23	83
138	74	0.6962336154021674	50	56
43	33	0.9095207071564373	57	16
72	122	0.4300515026441545	66	36
49	103	0.6250698271411272	54	86
68	85	0.48366165766864466	72	79
15	64	0.31247572053416695	50	99
20	81	0.20858130086481408	100	44
134	114	0.679306642616183	2	30
119	88	0.67523406604086	93	40
97	140	0.6259451064661583	25	47
83	149	0.28061943728648786	62	1
61	28	0.4839277423606413	10	35
149	124	0.16433292428414248	1	35
49	34	0.9210790316141999	54	73
33	77	0.6920247292211095	16	45
130	106	0.27382754931803965	39	11
134	51	0.9937437447772447	2	93
140	130	0.8057670238465415	47	39
126	18	0.07998133745809222	75	7
35	133	0.5744164705939627	94	19
81	42	0.5263745843559982	44	16
91	136	0.5514329193397137	17	96
69	62	0.46245870495123753	46	91
149	103	0.98795280990725	1	86
157	1	0.41435297148563355	22	97
31	35	0.6832200260364887	56	94
93	142	0.21018787148818263	85	4
3	74	0.9536315796543519	32	56
149	65	0.22993369957094578	1	26
2	81	0.6849080189549098	18	44
41	69	0.6615506706362709	7	46
38	117	0.4279216437217912	77	44
82	86	0.8986586634583653	77	92
37	9	0.7244986566544618	8	41
132	134	0.7408339028492844	1	2
72	26	0.15374145177675436	66	93
145	132	0.0971141359014791	1	1
3	82	0.0027898299538845484	32	77
40	74	0.5469896874434528	88	56
60	108	0.0722516608486431	65	65
67	17	0.21027271551862126	58	9
34	112	0.5153713459556767	73	15
77	155	0.8115448426759025	45	60
134	77	0.11954752591882123	2	45
14	37	0.22199167493004934	61	8
65	138	0.822227582915652	26	50
110	59	0.8131016571075851	13	97
82	45	0.8249822232450681	77	22
131	29	0.9044447086037714	90	29
89	59	0.1866033789559045	82	97
72	85	0.3180024489725739	66	79
9	6	0.7677758852910112	41	79
77	20	0.32464369528435877	45	100
142	72	0.56643048422417	4	66
133	5	0.8654549564003897	19	35
123	68	0.28038084322944135	51	72
95	92	0.5710789810767251	23	84
18	71	0.5177317569475957	7	58
105	11	0.16091528651159726	63	43
5	12	0.5431426641793203	35	95
16	2	0.40060050308213757	23	18
126	61	0.7279251523010623	75	10
6	84	0.04617611526281218	79	99
24	132	0.29400588170091035	93	1
95	94	0.5633450753790074	23	53
157	33	0.37436364353121365	22	16
69	27	0.9762020434048121	46	40
94	98	0.8839948961758509	53	37
98	37	0.1674721687424091	37	8
59	117	0.6193379051019627	97	44
145	153	0.0012095696709628623	1	6
150	4	0.5213812902590088	34	89
40	9	0.051308582289213533	88	41
155	26	0.4786337714646932	60	93
75	129	0.9911941055939021	61	82
60	52	0.44706220449705436	65	64
131	157	0.8216542993535483	90	22
87	141	0.5623666449942629	100	53
155	83	0.3712796049372198	60	62
24	106	0.49635428313076024	93	11
66	107	0.5763331365609826	55	57
137	32	0.8210336407056068	3	59
68	139	0.5371891242150961	72	90
117	81	0.9434279877804149	44	44
28	153	0.8676665282315447	35	6
34	75	0.11046751487076834	73	61
151	22	0.7302464283905923	55	41
54	141	0.7002179652211963	39	53
27	79	0.8605247071313722	40	52
8	10	0.23740640833645688	15	96
115	27	0.04838876824477212	93	40
137	118	0.5505631916536851	3	29
28	74	0.8654945491040446	35	56
135	143	0.019262593215204515	29	63
91	104	0.19528629680586018	17	30
98	154	0.724009336077882	37	83
138	134	0.939542041715421	50	2
72	140	0.0004628865951153971	66	47
21	68	0.011635619998294544	29	72
28	128	0.39677328345829677	35	10
36	12	0.8099410665805853	13	95
140	71	0.6208341675187944	47	58
142	47	0.9633790846411147	4	30
146	149	0.02351030491355477	8	1
27	24	0.6426824507047945	40	93
68	157	0.18930001884203862	72	22
49	35	0.24941244836978893	54	94
47	103	0.41505824400364844	30	86
8	120	0.5783260980375022	15	43
47	41	0.9999811358105251	30	7
22	33	0.24433524535530748	41	16
45	124	0.33664671021112036	22	35
119	86	0.39776026407908627	93	92
95	31	0.344063379251315	23	56
101	15	0.9538482689801328	51	50
74	65	0.5481699864323921	56	26
110	139	0.5694334411349309	13	90
12	126	0.2743758794806299	95	75
156	34	0.6183515923575561	64	73
115	89	0.6478656600469036	93	82
73	91	0.6224677890795837	4	17
154	63	0.10436350705644493	83	70
112	36	0.405074452062521	15	13
99	28	0.28687515193898894	31	35
13	96	0.19259900628965698	51	95
54	73	0.3910967848680479	39	4
154	102	0.3232452518084782	83	3
54	20	0.6668815195285871	39	100
8	49	0.6304427765249123	15	54
62	95	0.2171600580791102	91	23
25	66	0.08237303377363647	79	55
148	58	0.3824455660259777	12	13
42	104	0.17325796130906335	16	30
90	88	0.922310550516278	47	40
34	93	0.2931750359376023	73	85
111	89	0.38595780466600005	58	82
143	25	0.2549492747795348	63	79
112	125	0.5845617154711302	15	21
137	8	0.9958272904681528	3	15
103	157	0.16363642754952068	86	22
68	63	0.7326603439012782	72	70
14	11	0.3814807192841816	61	43
128	150	0.7076295081415906	10	34
116	37	0.2525228195485385	69	8
11	116	0.22904866760417975	43	69
52	141	0.7276068041077935	64	53
27	93	0.26921649093317856	40	85
21	30	0.8623777979530892	29	86
53	104	0.10801104836117847	99	30
101	37	0.6224308660149208	51	8
62	69	0.1101387944662473	91	46
50	66	0.9665001157719939	71	55
130	45	0.09607945475937663	39	22
43	69	0.1815678543726249	57	46
95	13	0.40056217739403677	23	51
12	56	0.06768194486517587	95	30
136	129	0.04937917581483098	96	82
133	101	0.35729592021035705	19	51
73	36	0.233824326258963	4	13
109	138	0.88224624051673	62	50
130	80	0.9699377838001126	39	58
16	63	0.8753792933102011	23	70
79	50	0.25946958829299993	52	71
41	107	0.8128759911159773	7	57
83	101	0.5794642122977699	62	51
70	85	0.5514445996590273	67	79
6	142	0.356018901338096	79	4
47	56	0.6167777230033041	30	30
97	35	0.0397056185116913	25	94
7	70	0.5730011765946351	43	67
155	102	0.013834022915423572	60	3
93	133	0.47239923836126163	85	19
13	3	0.478299824385388	51	32
9	5	0.037380444641807675	41	35
15	32	0.11211410145905265	50	59
114	96	0.7561289310977723	30	95
64	151	0.17119149394023203	99	55
136	99	0.5012743064314344	96	31
16	11	0.386105709232315	23	43
13	41	0.8162357102791807	51	7
95	139	0.3386536848737003	23	90
74	30	0.8917086242807932	56	86
152	74	0.11666691765487369	86	56
57	153	0.24250821992314553	43	6
138	98	0.2585376579811477	50	37
65	117	0.4518446497367128	26	44
31	116	0.47407614634808937	56	69
83	88	0.910641930915673	62	40
69	10	0.5589031466048859	46	96
134	78	0.8792926539011511	2	33
57	125	0.9442569722965184	43	21
90	4	0.44698513223123015	47	89
95	20	0.6224463363039611	23	100
20	91	0.15913565864391	100	17
5	37	0.6254887728705423	35	8
34	112	0.5117408763519796	73	15
77	153	0.14748533043250667	45	6
111	62	0.1782522065443587	58	91
27	17	0.7832069172693013	40	9
13	91	0.13002239490738388	51	17
9	10	0.7465296080930256	41	96
15	25	0.6405735884361756	50	79
98	32	0.8481340868111994	37	59
31	12	0.517254800664156	56	95
97	94	0.9827569412738701	25	53
48	80	0.9592453734985567	37	58
45	32	0.9869112744424688	22	59
2	81	0.6935486814545179	18	44
59	42	0.42292128400510665	97	16
58	115	0.4354653871511486	13	93
144	60	0.375330574367176	8	65
46	148	0.6569853602499055	99	12
19	83	0.9891039328594113	11	62
146	84	0.40776871891719135	8	99
67	8	0.4924238666887133	58	15
80	89	0.9976651528789869	58	82
30	73	0.5107416906210325	86	4
117	64	0.025193702861393108	44	99
97	17	0.5938492432231116	25	9
13	136	0.27151566649847003	51	96
136	79	0.713039397762459	96	52
58	16	0.31161086095296975	13	23
88	62	0.5572909632178038	40	91
96	134	0.6370348745371222	95	2
18	68	0.3212118559685979	7	72
153	36	0.3148519318784645	6	13
113	78	0.18561361732517367	10	33
61	116	0.9735281211425885	10	69
144	36	0.4941834880966276	8	13
52	84	0.6215984999658161	64	99
28	59	0.7378434409771437	35	97
145	45	0.5702264251743234	1	22
1	29	0.43269265902835496	97	29
57	59	0.25845519255475913	43	97
135	21	0.9892127334645358	29	29
12	156	0.05851245352747236	95	64
118	16	0.3194519055136287	29	23
51	37	0.5554308330527975	93	8
78	33	0.8950801359654473	33	16
2	65	0.8797398429585427	18	26
25	113	0.9832653114083365	79	10
25	69	0.15036657865410297	79	46
71	96	0.5227863681772694	58	95
111	140	0.3236497066958991	58	47
34	147	0.42493237040316056	73	90
112	124	0.11482727987406738	15	35
61	2	0.3417155911542338	10	18
130	99	0.8436665647345817	39	31
10	17	0.5836163665988359	96	9
101	141	0.68714844016047	51	53
112	108	0.6132982006811641	15	65
152	114	0.17980769592590162	86	30
