sp1	sp2	symp	area1	area2
114	28	0.9900497908062124	98	15
62	154	0.9868957589238075	73	49
114	34	0.9659280258764317	98	38
146	137	0.11733746614570317	3	35
63	44	0.3141743163874088	24	7
154	53	0.40221757459283414	49	42
65	31	0.7122568329540304	24	61
25	134	0.6744599419383964	81	36
7	147	0.8112096795161505	3	12
71	55	0.6754229619026142	24	66
79	142	0.4001444921072487	40	87
71	108	0.7938811679861936	24	13
109	59	0.5799078402818869	73	72
10	109	0.9331616117945113	74	73
25	153	0.9636667627725063	81	50
105	118	0.6163210463117741	21	9
1	135	0.17815564955515528	94	24
32	28	0.10668001661719373	88	15
14	55	0.28682455391183037	62	66
152	99	0.1947801808049513	18	91
73	146	0.5063951534373078	31	3
22	19	0.008149387214833048	97	60
12	46	0.9603646896895898	97	28
127	69	0.21156971070608732	29	38
50	23	0.654335596247917	59	45
60	114	0.02901060455479021	90	98
29	141	0.4126322199463728	48	73
98	124	0.40864800501268905	2	57
65	53	0.9968179540111157	24	42
113	27	0.015374005296798221	18	55
5	99	0.8242975939092407	46	91
46	24	0.4740055830241856	28	66
63	88	0.3802020802037889	24	76
87	95	0.48157451240789195	30	54
35	36	0.9548214137153117	3	72
3	109	0.421139963781872	58	73
60	52	0.5304617602706055	90	16
58	47	0.5137030171370107	35	98
18	136	0.6565270621616947	19	57
134	61	0.03521142670908162	36	5
40	64	0.679831520439437	26	32
100	151	0.3973368851420942	81	59
55	135	0.808173171947774	66	24
13	91	0.45055313204951175	69	20
19	125	0.1339472165572445	60	58
43	59	0.5343454034759817	34	72
32	98	0.2827449367827829	88	2
1	60	0.40434464959512795	94	90
71	154	0.73504319286741	24	49
84	108	0.8626350243707185	43	13
94	10	0.7288052944909493	68	74
142	15	0.3221234283804192	87	98
52	90	0.08993388429802418	16	97
6	3	0.2796215978996791	41	58
105	4	0.5284027678848605	21	58
54	84	0.28890065677726473	51	43
69	70	0.7671549594207057	38	49
13	133	0.9666681187205282	69	13
1	147	0.0914879286266258	94	12
62	50	0.3849239015890997	73	59
109	106	0.18923571794594496	73	35
116	155	0.4933500300813015	66	76
5	74	0.9694198444333256	46	9
109	29	0.6100298107834042	73	48
119	100	0.6211570536941405	68	81
129	11	0.2896565993861854	10	19
130	57	0.7669845677582527	92	47
15	58	0.422422316427721	98	35
75	134	0.27847709126380393	97	36
73	64	0.043128469901567934	31	32
71	136	0.9893356350605833	24	57
107	40	0.2871999472757144	85	26
157	137	0.7565388898128825	24	35
22	36	0.0594974294314039	97	72
155	128	0.9194218730075175	76	69
110	30	0.05861928877223288	79	88
36	101	0.385316546761174	72	68
88	142	0.4257606787531316	76	87
12	157	0.12931230664206816	97	24
156	38	0.3348561133627369	58	2
136	101	0.4903952878311224	57	68
97	30	0.648765080576349	34	88
123	43	0.533922779155329	74	34
104	110	0.6300371727433941	66	79
65	6	0.5161743459136571	24	41
150	81	0.8768609367984278	98	24
40	62	0.9191421642964929	26	73
20	21	0.23417928284008271	29	46
41	70	0.32948001760868684	65	49
18	85	0.8997750109807751	19	98
99	19	0.6850165688423795	91	60
124	10	0.26250033385636684	57	74
152	56	0.13676132986363432	18	87
41	54	0.367349587384328	65	51
63	121	0.07080287578115907	24	61
50	15	0.03706179094052442	59	98
70	156	0.383805657750501	49	58
111	138	0.25208887823594595	79	96
26	55	0.7178419743553116	86	66
129	56	0.20951522379695608	10	87
122	43	0.200014524379295	18	34
80	46	0.21031309841429058	58	28
35	60	0.04435678770361029	3	90
21	27	0.856014869172381	46	55
47	43	0.5031313707012716	98	34
121	96	0.5609057579284421	61	8
17	12	0.24767900737637905	11	97
16	142	0.022347479549027716	94	87
157	68	0.4076754047005542	24	53
141	66	0.3173607772267327	73	41
23	1	0.911113651781837	45	94
22	155	0.9690011279143338	97	76
133	76	0.5506346072769313	13	56
63	100	0.8915934957862252	24	81
33	97	0.18848437163905363	92	34
50	64	0.3636771224880626	59	32
133	32	0.1829217077632035	13	88
91	35	0.5157813903331658	20	3
106	74	0.10970280550058709	35	9
109	112	0.6641677396487848	73	7
58	153	0.011764448574472897	35	50
56	156	0.6693248101417385	87	58
34	41	0.46027963890287016	38	65
78	76	0.19695383690155277	81	56
92	129	0.0340814252378584	69	10
91	139	0.9531531444043873	20	100
61	79	0.2466473322414392	5	40
65	66	0.5110826204348693	24	41
53	27	0.4606716369514694	42	55
93	153	0.36178955290383685	36	50
75	114	0.1126160286286344	97	98
106	8	0.34145386602345795	35	71
70	7	0.12564166559348988	49	3
99	63	0.7853711917751116	91	24
135	51	0.19980757493567047	24	7
48	54	0.8681070619673504	24	51
96	149	0.24137362006419005	8	18
18	31	0.6482738112034642	19	61
30	39	0.057679554537619415	88	52
122	20	0.10520139856331534	18	29
37	99	0.3218259554440034	74	91
140	141	0.9210940624603557	28	73
145	20	0.8398737500177528	46	29
40	120	0.22556206835820636	26	83
6	84	0.8475624021742129	41	43
134	100	0.5252403371799199	36	81
36	99	0.5611764606475662	72	91
84	62	0.5500842666724063	43	73
60	77	0.011833486087634681	90	49
140	62	0.72548806876407	28	73
55	41	0.8530982476835396	66	65
128	50	0.5927670972194609	69	59
68	142	0.011305957647658293	53	87
65	134	0.7561294488815222	24	36
83	20	0.6533366006582094	16	29
28	64	0.14836951919293928	15	32
93	90	0.14402227318323313	36	97
73	7	0.7598066786838968	31	3
96	97	0.5582764398602507	8	34
103	105	0.6388991017927915	12	21
52	4	0.24288031628215956	16	58
154	5	0.8415147492309377	49	46
119	16	0.1008511857836838	68	94
107	99	0.6951782930793882	85	91
5	129	0.8997239549749986	46	10
68	117	0.9237383762783195	53	6
47	87	0.8144636840950596	98	30
61	36	0.20185966151554324	5	72
101	72	0.36913602383169275	68	34
61	29	0.328761850838577	5	48
57	117	0.9351711813351932	47	6
155	32	0.10116150125080214	76	88
40	17	0.2892137795146341	26	11
115	12	0.8722416059454958	17	97
7	17	0.8786431640405524	3	11
23	51	0.2496420392928449	45	7
10	108	0.683486563554705	74	13
49	19	0.10971003160386672	66	60
109	145	0.888084384551614	73	46
94	83	0.7942529839063595	68	16
125	136	0.7750783303971859	58	57
84	86	0.9398624047779496	43	2
11	142	0.45957218068208716	19	87
14	107	0.6946054111939624	62	85
95	76	0.9500570574146178	54	56
44	118	0.8355397840716833	7	9
70	61	0.4481674906197629	49	5
39	27	0.5348694003752832	52	55
145	86	0.9295734601782142	46	2
116	30	0.6455590023180027	66	88
1	130	0.18109752593638806	94	92
9	76	0.23210893531262844	95	56
40	69	0.8233271608223547	26	38
6	82	0.23707201720602167	41	9
69	60	0.031133098574304685	38	90
57	48	0.8619012589514184	47	24
85	18	0.8771488936386963	98	19
66	4	0.41881290332313026	41	58
146	99	0.7003306525544084	3	91
68	35	0.11211638664197221	53	3
1	87	0.896751517755335	94	30
135	33	0.6823295469550429	24	92
70	144	0.738301088337662	49	35
86	12	0.904402948120686	2	97
76	157	0.9619104123506328	56	24
8	1	0.5962499572703439	71	94
132	125	0.3026401351143888	91	58
8	2	0.3341463035933592	71	8
64	132	0.9229156108981114	32	91
27	9	0.2827865866917707	55	95
16	71	0.3521579163689136	94	24
96	54	0.10894383556268328	8	51
133	121	0.3058336358391842	13	61
10	27	0.6208770929736454	74	55
54	119	0.019034350352172158	51	68
87	97	0.13407582901650084	30	34
8	153	0.38835719218569276	71	50
85	17	0.3409152490544065	98	11
86	109	0.5104007422958481	2	73
46	31	0.09671947175569029	28	61
53	99	0.9396322631789384	42	91
16	9	0.03295454537160136	94	95
145	82	0.7279014176397778	46	9
59	76	0.787985219550544	72	56
97	116	0.9215005196016327	34	66
151	131	0.5404389707860298	59	80
90	134	0.2774317837080633	97	36
66	109	0.11150856389751063	41	73
4	110	0.11329106588581361	58	79
49	87	0.8621138845776916	66	30
29	27	0.1305098596955816	48	55
9	98	0.3277357265760016	95	2
95	131	0.28567909541546643	54	80
72	18	0.6611464633102117	34	19
28	45	0.4881058098137504	15	62
9	63	0.2253041038354775	95	24
101	60	0.2956711426594546	68	90
69	88	0.3317805454981164	38	76
48	152	0.5147465811236166	24	18
152	75	0.5163261820007031	18	97
145	90	0.3064878653349168	46	97
111	51	0.9027977646673622	79	7
1	139	0.6614211650532519	94	100
127	156	0.13446877302022353	29	58
91	34	0.131261952920821	20	38
98	20	0.9304222758956336	2	29
133	23	0.1524534214225146	13	45
89	95	0.22529386614622693	63	54
137	57	0.7980467680084609	35	47
42	15	0.19859709345248822	8	98
90	130	0.1914873391247034	97	92
28	135	0.6985156459285166	15	24
17	153	0.5449824056280466	11	50
68	76	0.8054571588846398	53	56
86	108	0.6646239651846153	2	13
76	75	0.29445912209654435	56	97
128	102	0.9872558004283583	69	42
134	127	0.7696362190196884	36	29
28	10	0.4676161094100726	15	74
92	17	0.14987403278383116	69	11
122	29	0.22744540484592546	18	48
33	112	0.35522701407567625	92	7
92	21	0.33432860352997096	69	46
81	128	0.6615071559256215	24	69
67	54	0.6523106808120372	50	51
104	48	0.13098533670536727	66	24
64	128	0.8035723916976705	32	69
20	31	0.08183866914626481	29	61
38	111	0.5105071615071292	2	79
52	118	0.8218244631724054	16	9
54	118	0.48460697268179564	51	9
48	2	0.344612095818854	24	8
1	107	0.42854781863288216	94	85
64	83	0.7055686963459856	32	16
138	137	0.005217272871290479	96	35
75	101	0.8198498159018621	97	68
71	101	0.10113441772898879	24	68
50	133	0.8786037785736542	59	13
128	95	0.8993775307835158	69	54
141	6	0.311390164954363	73	41
136	97	0.24337013275787167	57	34
117	130	0.6327114114486859	6	92
110	1	0.24601520753594186	79	94
72	92	0.6605238067508385	34	69
52	70	0.32848085365616875	16	49
37	119	0.20573634633044002	74	68
37	137	0.7687468832517714	74	35
120	142	0.176728771727232	83	87
156	79	0.910174395987927	58	40
110	57	0.8686295061401418	79	47
124	31	0.05051875941471051	57	61
132	81	0.8643439473744173	91	24
99	85	0.6004468465589968	91	98
20	120	0.633718127960524	29	83
68	101	0.23535629330522367	53	68
119	104	0.637989410663397	68	66
71	34	0.8386326862982307	24	38
99	127	0.24774876163808335	91	29
155	107	0.43443964283304404	76	85
66	60	0.12261213860026154	41	90
94	156	0.8631764787932112	68	58
45	37	0.20406564471057131	62	74
100	157	0.573195801799338	81	24
142	44	0.3658508401794811	87	7
76	8	0.7123702061189741	56	71
34	65	0.26205590081404195	38	24
89	124	0.47019060213295827	63	57
33	143	0.08242967947515145	92	5
98	51	0.7733553655094627	2	7
114	53	0.7108362221164085	98	42
94	43	0.6116747654444458	68	34
109	99	0.04125502897580646	73	91
69	110	0.9173633225847792	38	79
59	114	0.634058242506098	72	98
154	134	0.9594280411141168	49	36
36	11	0.6370773703538626	72	19
99	51	0.5220509181316492	91	7
99	143	0.6682066020193611	91	5
131	3	0.12389366139437963	80	58
25	124	0.41907785740237036	81	57
107	56	0.12327397215120406	85	87
106	95	0.14599321899887385	35	54
54	4	0.11491373121482507	51	58
1	120	0.2667842776768867	94	83
68	28	0.6344185974200671	53	15
82	26	0.02216552643745462	9	86
34	155	0.21666984291467517	38	76
29	110	0.47400144620911866	48	79
155	141	0.3036788921571598	76	73
141	3	0.9283960620852533	73	58
22	93	0.16921100723657478	97	36
89	75	0.8028366191374028	63	97
27	32	0.4586003263294536	55	88
48	137	0.12580641842836293	24	35
58	84	0.777620453027314	35	43
10	44	0.7829822055384779	74	7
152	60	0.5358915536108017	18	90
97	86	0.5114119156942115	34	2
47	38	0.5342182824449782	98	2
86	135	0.12903510069913549	2	24
80	19	0.8954166830366243	58	60
53	141	0.8925474909870411	42	73
72	48	0.43784471016082493	34	24
140	81	0.06876777032747061	28	24
89	13	0.9225804183267907	63	69
91	126	0.8228387335497138	20	21
10	131	0.49299536015236	74	80
150	112	0.42222841956968926	98	7
129	27	0.1566948458310209	10	55
76	101	0.11935059166311324	56	68
41	152	0.5709189860777526	65	18
5	58	0.6936513788418605	46	35
24	100	0.7759813904420094	66	81
41	22	0.40052341500150435	65	97
5	73	0.922340161792437	46	31
10	116	0.640745065187799	74	66
80	123	0.775770934645161	58	74
70	23	0.9069553716430678	49	45
127	116	0.34122466479184155	29	66
37	137	0.2760369517442305	74	35
112	110	0.48618425658766085	7	79
55	59	0.1743539200061648	66	72
93	129	0.317036751278172	36	10
60	29	0.7702945590023902	90	48
8	26	0.1257833095984554	71	86
68	54	0.7731868203923138	53	51
91	155	0.33290642972609663	20	76
109	33	0.29682284437345774	73	92
141	32	0.9753815980451211	73	88
126	119	0.34531372303373875	21	68
55	146	0.6906134583308625	66	3
20	77	0.7390466456835675	29	49
8	45	0.4350258706233219	71	62
99	87	0.9178425025711873	91	30
66	138	0.7936494969922098	41	96
61	103	0.6397927552260725	5	12
