sp1	sp2	symp	area1	area2
86	91	0.3299211420471595	30	4
21	50	0.8696469089281713	87	93
25	139	0.24799437896742615	78	69
9	108	0.2778715080814266	93	88
104	112	0.12099746199453887	42	80
77	68	0.1525472592902939	19	62
131	18	0.0961223753184719	27	20
143	118	0.04241394126199294	78	3
129	124	0.9910316726983844	52	31
127	150	0.9888409668470247	7	40
146	29	0.9629344431504456	100	20
33	117	0.7062263521245725	30	5
129	101	0.4139863960484399	52	54
118	41	0.4817169062264979	3	100
128	18	0.4291853274624705	48	20
7	70	0.1422539055573132	82	44
76	14	0.20200824752314628	46	40
87	44	0.5600395615833849	22	93
124	3	0.40907905508950826	31	26
103	124	0.06060926587697346	66	31
103	139	0.16607610297815567	66	69
152	124	0.9479477982042022	17	31
139	153	0.015362320065177348	69	41
23	49	0.12588955419215786	14	67
4	60	0.7411781539936539	34	53
132	11	0.5464538804383757	39	78
47	151	0.9777827378323045	2	71
33	29	0.7226118713697792	30	20
24	2	0.5650310138113762	41	37
101	86	0.4559596877953641	54	30
156	45	0.9659390638613007	79	67
36	136	0.5516890854617851	72	22
38	22	0.09181990440500021	65	54
48	87	0.6539263440450676	73	22
155	68	0.7888417108950492	71	62
36	121	0.4715406411777143	72	31
49	87	0.5894446708684825	67	22
59	44	0.11685144623864685	27	93
81	128	0.01725831581709858	7	48
65	149	0.8924902474794502	42	4
5	99	0.7871727232975294	77	70
64	85	0.9239462572853256	81	85
96	130	0.9413855086357891	61	23
117	121	0.5736792780244405	5	31
116	65	0.2538352957172083	21	42
79	138	0.5132196458051081	89	51
32	41	0.6621727194910054	50	100
87	124	0.936435688882453	22	31
142	110	0.3082460620153554	9	27
136	121	0.23862909213131767	22	31
23	67	0.37508117226496407	14	90
122	64	0.4327106157236512	91	81
88	75	0.33938895026670435	11	41
8	47	0.7772648880450317	11	2
52	152	0.6757503443782011	23	17
146	10	0.5296111935432098	100	46
98	154	0.13150456990253545	93	35
78	115	0.5653014871948271	26	73
123	111	0.13326011076079558	33	60
59	138	0.5821891051304171	27	51
27	12	0.6089292850411537	81	15
47	11	0.520175907565	2	78
40	3	0.31878219156608656	41	26
33	18	0.19647287226158638	30	20
139	97	0.31670415118461603	69	56
45	29	0.5870074343802305	67	20
132	40	0.6521980870598079	39	41
21	66	0.5262266287390029	87	79
69	129	0.03413289283544785	32	52
72	147	0.17275397228041856	8	80
132	152	0.38653880587223466	39	17
114	54	0.44792097322153324	60	49
4	122	0.527676855674971	34	91
129	112	0.9248669642487354	52	80
35	30	0.7793250934225655	99	64
68	95	0.6272986881096432	62	60
12	56	0.3040123811983517	15	29
99	91	0.8404681062266507	70	4
9	95	0.6710336863962856	93	60
12	77	0.5848492505230475	15	19
114	109	0.986470760436703	60	18
145	122	0.13076554544651742	7	91
52	16	0.8119233057697702	23	17
150	124	0.577182504182582	40	31
154	10	0.06360426446875689	35	46
122	150	0.7093753539536245	91	40
81	85	0.052986299803443826	7	85
149	10	0.5660439688251485	4	46
109	17	0.7986677565918492	18	14
41	3	0.925920266538836	100	26
8	90	0.9430043440008048	11	77
51	90	0.2930867646871481	47	77
44	45	0.64100437094975	93	67
25	77	0.274396826197005	78	19
88	116	0.2732376950303127	11	21
63	92	0.8544533554381577	45	22
4	13	0.46180106217680694	34	58
105	145	0.00227105920429993	95	7
49	7	0.9590260412112747	67	82
148	20	0.38294207372968947	19	80
52	87	0.18693782030299266	23	22
123	140	0.11546856455463306	33	40
39	98	0.6095143557820212	83	93
74	66	0.950233993343544	97	79
38	98	0.9795323999769606	65	93
139	42	0.5782760916423746	69	58
149	84	0.3349308227836202	4	22
8	33	0.9041261293744887	11	30
72	116	0.6908137112197587	8	21
57	87	0.4270044224388626	99	22
10	93	0.9022214104389911	46	46
36	39	0.2671162504014123	72	83
58	134	0.18909564298350467	18	54
104	5	0.23167918677340904	42	77
132	91	0.5526611601513928	39	4
31	145	0.8287023876752959	46	7
128	41	0.9774224358009737	48	100
61	92	0.28151787070750034	97	22
11	77	0.9911091079262371	78	19
30	113	0.3461944049770078	64	36
56	32	0.6432103190460986	29	50
123	50	0.8616556658294632	33	93
54	141	0.9336776602864353	49	25
153	67	0.8826996558832918	41	90
94	34	0.9105063677485257	17	14
51	75	0.4185788928245884	47	41
137	33	0.8553603207351249	15	30
118	4	0.9898610804122573	3	34
17	39	0.9732546122831782	14	83
86	57	0.3182464528153276	30	99
61	37	0.6228740002658232	97	21
129	50	0.02433327080151204	52	93
86	66	0.5960835538150001	30	79
52	123	0.44693673337100237	23	33
110	138	0.9036430871492919	27	51
41	110	0.8126140468134087	100	27
42	115	0.1095048970038548	58	73
16	138	0.46943579798797586	17	51
91	93	0.04571766290301871	4	46
67	52	0.21205694464129876	90	23
81	49	0.2347209260592873	7	67
5	87	0.8509536731665004	77	22
122	93	0.5710987509457213	91	46
103	52	0.058954485224737785	66	23
125	64	0.9891831281985477	76	81
75	51	0.7398765651081484	41	47
133	48	0.43765296690749733	14	73
52	153	0.5960413622694706	23	41
60	150	0.776532694402284	53	40
21	41	0.1806918383755296	87	100
110	111	0.7226081689080701	27	60
153	114	0.9077774398412882	41	60
38	34	0.27838952935293704	65	14
114	76	0.018662833763138043	60	46
72	69	0.17763442613403013	8	32
17	56	0.10179206386283923	14	29
98	48	0.528525650512503	93	73
65	47	0.8477131002457444	42	2
139	67	0.2945891685602582	69	90
88	98	0.060449032082197984	11	93
78	54	0.14827467689078178	26	49
60	3	0.3363744908917413	53	26
156	93	0.9859178025008184	79	46
18	81	0.7184669252157518	20	7
25	101	0.16544852076131722	78	54
116	155	0.9195179329817308	21	71
111	94	0.17993754775539872	60	17
113	126	0.726818123351582	36	2
115	63	0.23383810042128872	73	45
20	132	0.37579361727421423	80	39
116	136	0.2631311571837238	21	22
53	85	0.711641315404165	39	85
116	117	0.08893092241847578	21	5
40	77	0.19809391345153204	41	19
118	34	0.43982713808081697	3	14
8	112	0.058394043703645426	11	80
5	148	0.05654169600466319	77	19
147	21	0.18788150818189853	80	87
71	144	0.8013458646958718	57	94
54	111	0.6664748807860632	49	60
45	46	0.5405614365655976	67	71
62	33	0.5580084004891879	8	30
142	41	0.033508706664980736	9	100
81	119	0.7113100472784406	7	69
57	41	0.5937959690224148	99	100
155	55	0.9843618053827566	71	23
71	59	0.9502170172875313	57	27
102	54	0.6253029903015767	58	49
131	144	0.4630469344970124	27	94
117	104	0.07993323820948184	5	42
135	108	0.6102630452000304	16	88
152	53	0.8131877249910726	17	39
120	122	0.2830210315590008	85	91
19	110	0.3752481578878645	50	27
102	34	0.14605511023044304	58	14
94	47	0.9142897043037856	17	2
145	68	0.11403911345930551	7	62
24	32	0.48687642421955235	41	50
105	128	0.5115064125651754	95	48
28	154	0.6288951220368368	91	35
82	36	0.8730506633602815	96	72
138	56	0.4021760528205488	51	29
77	39	0.7191051472412349	19	83
59	128	0.5180686462308313	27	48
73	26	0.2826382663413841	66	12
60	70	0.25680972100309085	53	44
137	50	0.2923513191394218	15	93
67	133	0.9086986621388659	90	14
63	118	0.18507747508468841	45	3
49	25	0.034852268756611626	67	78
11	72	0.3611771741829596	78	8
72	24	0.502327521361473	8	41
57	133	0.7989002538142645	99	14
153	15	0.16331427766654472	41	31
117	72	0.10636150668933186	5	8
55	143	0.5252461105921344	23	78
7	73	0.21328456641011517	82	66
148	81	0.5517157130508655	19	7
57	97	0.17949182744378678	99	56
12	75	0.92545642589695	15	41
43	122	0.4485736228201527	91	91
21	84	0.23369477097420477	87	22
60	83	0.6647432725515179	53	45
14	23	0.33029515548007726	40	14
84	32	0.8332217855842706	22	50
147	66	0.46854134279014537	80	79
13	14	0.32772294939913604	58	40
73	131	0.7720685357109164	66	27
12	62	0.761106436754565	15	8
3	17	0.19659980677994238	26	14
116	118	0.4981784409070672	21	3
9	54	0.6752352949420848	93	49
47	18	0.9286848724923265	2	20
57	132	0.00851492175549673	99	39
20	18	0.8417176833878384	80	20
76	127	0.09597363063662023	46	7
34	48	0.765336021141543	14	73
42	79	0.220631756851411	58	89
68	31	0.7255416104899037	62	46
71	8	0.9107073280292782	57	11
16	3	0.23823083846816018	17	26
73	90	0.9057899282624026	66	77
74	6	0.8601251216136013	97	28
45	122	0.8817135184816745	67	91
79	136	0.975347194676712	89	22
10	149	0.5560945396142353	46	4
63	134	0.8286564107618162	45	54
88	66	0.02534438482532897	11	79
88	157	0.274910987066065	11	34
150	117	0.19055559209137685	40	5
67	77	0.2866539443897149	90	19
102	88	0.11271240482398781	58	11
142	31	0.6989209400639519	9	46
32	41	0.8611499371258273	50	100
84	31	0.5449766932662541	22	46
111	150	0.6901503924580695	60	40
31	70	0.8194520951228625	46	44
34	14	0.49399584972202404	14	40
73	107	0.36361230706015546	66	92
73	24	0.3382427450003386	66	41
129	24	0.7407053768527201	52	41
155	105	0.06129445838055336	71	95
65	59	0.2465562925917515	42	27
49	31	0.6395182697104822	67	46
48	96	0.4573629408450638	73	61
131	129	0.2653377422208707	27	52
73	13	0.7945649617899523	66	58
109	59	0.1086744386193248	18	27
75	105	0.9950668784843422	41	95
43	51	0.7115116880611173	91	47
90	129	0.00280512183030468	77	52
87	111	0.4275393828147388	22	60
134	154	0.5800037789853213	54	35
156	145	0.41648352109486986	79	7
146	87	0.41614778927414886	100	22
43	51	0.237027189321122	91	47
9	130	0.316870947795554	93	23
152	39	0.2448798380694498	17	83
144	74	0.14021854472966455	94	97
97	93	0.2062434443428255	56	46
82	152	0.43883359905342345	96	17
24	5	0.7943580508641384	41	77
61	64	0.3545660899696468	97	81
146	10	0.17688842175548725	100	46
18	10	0.8186434146895053	20	46
14	150	0.9508736054093719	40	40
107	27	0.5550209487502886	92	81
8	124	0.7862083181676297	11	31
26	50	0.708032011774552	12	93
67	32	0.11129166512385313	90	50
27	16	0.6356262863674921	81	17
61	2	0.13724479739856388	97	37
150	56	0.432607851237672	40	29
124	30	0.34859021310962235	31	64
1	39	0.13807085489139292	97	83
132	146	0.752039998942713	39	100
7	140	0.19929919610932723	82	40
121	4	0.8916615687409993	31	34
4	131	0.9245118456858069	34	27
76	25	0.9694167016070054	46	78
90	71	0.7292792890443112	77	57
153	62	0.6497694098458398	41	8
148	90	0.607663277254954	19	77
81	24	0.410661226898997	7	41
73	17	0.6292304237599509	66	14
71	22	0.7264839216780953	57	54
51	16	0.5523877891256989	47	17
27	85	0.11805699632542643	81	85
19	26	0.7144175084640082	50	12
35	80	0.7737532721796364	99	86
126	95	0.4740352714040269	2	60
114	150	0.6916483412324379	60	40
156	99	0.779350354279533	79	70
133	47	0.4399909483596589	14	2
20	98	0.7652973417601816	80	93
97	44	0.6444229903325817	56	93
21	52	0.5495224638245706	87	23
100	61	0.9866061509339231	51	97
125	68	0.7940442906926676	76	62
86	51	0.9153196472904109	30	47
1	69	0.1862919678124434	97	32
36	113	0.5101690064307483	72	36
149	53	0.7539681690791616	4	39
13	120	0.7906105980124504	58	85
78	88	0.2668069234963133	26	11
99	30	0.20210800294347875	70	64
108	44	0.5099588982200735	88	93
32	58	0.173941358215579	50	18
131	128	0.8147774366496002	27	48
97	73	0.12169203277321361	56	66
98	27	0.3340166844609225	93	81
5	88	0.24520844935250719	77	11
38	56	0.7637033827979038	65	29
136	56	0.28700414197302615	22	29
40	35	0.663209682688576	41	99
83	109	0.2887076196897478	45	18
138	123	0.9324897922021791	51	33
77	147	0.015272537304321432	19	80
105	106	0.31956142795831477	95	79
46	112	0.5865382665067421	71	80
35	71	0.10683671762714098	99	57
99	101	0.6452947921834445	70	54
2	32	0.35414174182142055	37	50
131	124	0.5136160201322061	27	31
151	48	0.7757897041846572	71	73
155	45	0.7760219842671757	71	67
77	66	0.9288785952488973	19	79
12	7	0.24440148439083242	15	82
137	107	0.8364181876654344	15	92
28	121	0.4688681254334721	91	31
109	55	0.5316328040276797	18	23
2	33	0.6549344328081388	37	30
23	133	0.5276142624946019	14	14
11	155	0.7330898552830524	78	71
115	155	0.12052261818809806	73	71
115	35	0.5028886717730404	73	99
84	109	0.7076781828665609	22	18
7	140	0.39246535226330326	82	40
18	87	0.4098771431146282	20	22
10	108	0.40423597220978424	46	88
113	121	0.254626225831034	36	31
90	19	0.5903902509117644	77	50
52	62	0.011899239101126446	23	8
76	29	0.7118517349530578	46	20
99	139	0.1702608358143498	70	69
16	54	0.6806299339598987	17	49
148	113	0.794629685842049	19	36
38	128	0.9470572840087781	65	48
149	19	0.2164978528781365	4	50
2	29	0.06670518677098825	37	20
126	148	0.9770261401329543	2	19
154	124	0.35647049672375564	35	31
155	91	0.43004359619607535	71	4
77	137	0.0971095567428727	19	15
54	147	0.7749450326450403	49	80
117	46	0.004666495904783741	5	71
