sp1	sp2	symp	area1	area2
86	88	0.7042180546263119	27	100
68	1	0.7330084898038495	52	66
6	118	0.7527810583669075	14	9
52	6	0.647499412944561	46	14
106	51	0.21177648755289735	71	100
51	29	0.6092309028371025	100	24
89	114	0.20227972155607465	51	65
65	25	0.12051751540073119	94	3
144	137	0.15779452401135097	25	29
133	15	0.9564941130134148	77	58
96	132	0.8803349639697884	45	30
144	90	0.7840139048669255	25	61
131	6	0.42603352072265077	21	14
37	128	0.9129316174018357	26	36
134	85	0.23912933085950483	4	76
143	25	0.3684245830660703	61	3
136	84	0.8168587106559267	75	35
37	121	0.29186904809987624	26	5
40	67	0.43176495076373256	51	10
122	68	0.5160182595477325	78	52
125	132	0.27741562105361717	59	30
117	43	0.6401523782950828	66	79
117	85	0.9120153232653496	66	76
154	141	0.7136318201734954	84	21
19	94	0.1547108544487673	92	42
15	131	0.443066238942013	58	21
119	115	0.7014091947441238	48	15
152	12	0.29647575103903345	60	4
62	75	0.6382652085256562	60	29
61	148	0.6062580116214309	76	44
30	107	0.7289771727854083	44	28
102	68	0.4077387977132486	79	52
67	144	0.6241995443013425	10	25
57	60	0.2907482080878896	30	67
46	105	0.5374903483865676	44	90
58	99	0.43363151237570496	99	13
27	41	0.10291475565298769	92	67
16	63	0.10945814463878578	46	29
28	92	0.8645889186788281	100	52
77	119	0.7336329662566262	38	48
14	123	0.39921192559021024	47	6
129	79	0.5349112993688782	86	88
135	51	0.047448055525131094	20	100
88	153	0.7619156795763757	100	39
124	8	0.9707920858148251	82	20
10	96	0.18402562073686146	61	45
2	120	0.9711096916527423	16	31
71	79	0.25340104594631596	27	88
7	51	0.6871302890111382	25	100
49	29	0.785213728438267	34	24
141	146	0.4597679531317832	21	77
32	113	0.5421995812792316	33	35
126	108	0.2569540317281982	97	38
6	69	0.11520572322221889	14	45
102	104	0.6281369118298145	79	74
80	148	0.33407578433693397	85	44
26	64	0.7747400708544877	50	29
140	98	0.31216011654531184	70	18
35	57	0.5967349427535886	81	30
92	9	0.04808114555909504	52	23
60	104	0.02713718372232765	67	74
115	108	0.985878986919906	15	38
153	98	0.7411819261217949	39	18
113	8	0.8488575857509323	35	20
151	6	0.12219452963929289	88	14
152	151	0.11816874313286208	60	88
56	149	0.3369235562990841	50	41
30	86	0.7636490222727067	44	27
88	15	0.4652739478212582	100	58
124	117	0.4150130588975086	82	66
23	7	0.9631680454600785	59	25
126	137	0.5012110093469152	97	29
48	31	0.8616146310327419	27	69
80	17	0.8558075186223909	85	25
144	43	0.5508014044770325	25	79
39	71	0.13856392765833203	14	27
139	114	0.31595016959409794	43	65
64	106	0.6576684434107145	29	71
20	133	0.38121713715256544	24	77
94	85	0.14487096048742798	42	76
52	70	0.020479664137287967	46	87
129	95	0.9646751596942087	86	18
5	62	0.8220907542888946	93	60
73	70	0.8860234208710626	98	87
129	154	0.32724732942273616	86	84
72	125	0.25664539511572815	42	59
149	17	0.7297915762500672	41	25
121	111	0.4463365741327887	5	2
112	141	0.14737678985252178	29	21
125	11	0.8458271021925773	59	81
37	124	0.6804922622024573	26	82
40	33	0.7287718001937207	51	34
39	90	0.20218881240994357	14	61
3	101	0.8525842157385111	5	64
121	51	0.9407664328115686	5	100
8	95	0.8388986671534333	20	18
151	115	0.5160602908554952	88	15
38	63	0.4074335978107816	100	29
25	71	0.8522250253805508	3	27
36	139	0.515518968259418	94	43
37	110	0.5328638977000701	26	80
145	71	0.005514572373309767	25	27
59	2	0.013579239597075188	79	16
57	136	0.07732693828348192	30	75
56	10	0.36632567321722076	50	61
128	63	0.769556287546997	36	29
97	5	0.8961419292605505	5	93
147	153	0.6828744891181242	44	39
132	119	0.4185288442006839	30	48
142	23	0.9159726597522209	88	59
142	78	0.12843894550023094	88	22
106	92	0.18366723879616054	71	52
17	50	0.8926164584175796	25	47
111	133	0.471096700667481	2	77
146	91	0.42877804780553197	77	18
30	32	0.4608710231152152	44	33
149	106	0.07554504964179509	41	71
17	4	0.7234734825400271	25	51
146	77	0.895584718946051	77	38
60	28	0.28660152921656024	67	100
98	105	0.3413610473440948	18	90
55	3	0.6901123392963633	48	5
120	121	0.10040553301273458	31	5
83	14	0.37769072821965743	42	47
56	147	0.08680425346025444	50	44
12	106	0.06444823376189313	4	71
116	40	0.126688209898278	92	51
65	145	0.7072320797355621	94	25
7	104	0.1756759936941592	25	74
58	49	0.22556246783894796	99	34
75	103	0.7015691462802958	29	93
142	136	0.29956972095694656	88	75
101	151	0.4291164795973714	64	88
15	96	0.03222692039932262	58	45
32	121	0.08763536098214075	33	5
34	33	0.27330598289904584	84	34
94	60	0.3535672315771614	42	67
81	103	0.6520209707608088	72	93
16	1	0.41707733759385257	46	66
49	135	0.862459271670825	34	20
74	91	0.8187601772460286	69	18
62	17	0.29984772526149295	60	25
96	71	0.07105625758212442	45	27
95	88	0.9051721813170418	18	100
63	14	0.9204029873838645	29	47
71	127	0.04178177876385636	27	91
146	47	0.6520243675509968	77	78
144	16	0.43857730283680285	25	46
106	87	0.3006510782471984	71	89
143	129	0.8434559063677252	61	86
153	27	0.8834134184138172	39	92
40	1	0.8799690434044201	51	66
7	87	0.4273169177153874	25	89
7	96	0.013858762758121479	25	45
16	17	0.005759122703011155	46	25
96	150	0.7814944850559976	45	27
69	70	0.47475274187533434	45	87
53	112	0.12500356427527193	32	29
59	122	0.6130579054051097	79	78
120	153	0.8710684137491342	31	39
93	151	0.008189456427718511	64	88
69	10	0.7104810819969244	45	61
99	9	0.704234532131426	13	23
31	113	0.9109101749692492	69	35
23	143	0.5893092341833179	59	61
26	30	0.3076078676528202	50	44
87	137	0.5888903888484568	89	29
105	124	0.5682176206279476	90	82
88	114	0.6169853345572119	100	65
130	105	0.23702978509724515	96	90
2	149	0.37970682600523686	16	41
135	142	0.5610456955718885	20	88
34	145	0.06885698531939233	84	25
50	6	0.7317009924876271	47	14
49	100	0.07452159678792625	34	45
22	73	0.04593396259368865	17	98
115	79	0.8547285544507275	15	88
51	136	0.8590659809776099	100	75
145	1	0.6836314157868858	25	66
133	154	0.2666840442211037	77	84
130	11	0.9753349554584917	96	81
125	132	0.7410806987056209	59	30
83	115	0.4935881175023953	42	15
115	117	0.48846524380543077	15	66
76	145	0.5259048782174922	28	25
98	68	0.9515466006153492	18	52
122	89	0.1985081257602227	78	51
45	77	0.48709978668526654	37	38
143	42	0.6988558184247659	61	97
98	104	0.7604513394432879	18	74
120	150	0.9735832467418293	31	27
24	90	0.6549746419933423	80	61
110	134	0.2531685853160057	80	4
35	113	0.49420725815808675	81	35
83	77	0.31995255227374086	42	38
42	53	0.3760755745874885	97	32
22	98	0.25268964652148385	17	18
30	20	0.8444376264129687	44	24
78	134	0.5269250653600691	22	4
150	120	0.11832824189213231	27	31
3	67	0.17120288319492583	5	10
3	152	0.28808902645840007	5	60
70	30	0.5729486686180991	87	44
148	49	0.7553551787336455	44	34
156	115	0.8864507795933269	24	15
85	15	0.7190561333027761	76	58
118	142	0.7172053815130398	9	88
22	84	0.22112521231473015	17	35
48	37	0.2576295511983675	27	26
70	14	0.6521694636909192	87	47
45	154	0.44689701380086244	37	84
121	117	0.9693451655482818	5	66
62	8	0.3559644213545592	60	20
100	134	0.41761146954877537	45	4
52	21	0.5546370939978367	46	11
123	135	0.43685000657752393	6	20
47	42	0.9330111966346398	78	97
120	96	0.8088314822737391	31	45
120	128	0.7639193913724085	31	36
72	10	0.17990135013149455	42	61
90	38	0.09715839646218938	61	100
95	128	0.0896229302567777	18	36
142	98	0.8916771893062183	88	18
5	127	0.292413723929731	93	91
116	96	0.6599395200498477	92	45
92	151	0.07287867755362332	52	88
60	126	0.8367868905716709	67	97
84	134	0.9801293044201478	35	4
117	93	0.7133499195058903	66	64
17	103	0.4027815845103675	25	93
96	152	0.9949383572651169	45	60
85	120	0.5911134308711709	76	31
53	120	0.7845835602263046	32	31
3	95	0.3248389041706222	5	18
151	70	0.33195625849596677	88	87
122	32	0.22311614427448234	78	33
111	11	0.20511676978336835	2	81
66	112	0.1303297889109455	9	29
4	101	0.477876116738302	51	64
64	145	0.5694732357944231	29	25
21	120	0.6203137776625232	11	31
22	104	0.18439408912165767	17	74
4	90	0.6967545994148171	51	61
69	108	0.10021129818677355	45	38
117	146	0.7507669248850022	66	77
119	46	0.5610316429788077	48	44
59	89	0.19852013875357444	79	51
1	43	0.9316600643894802	66	79
40	140	0.1643587212648001	51	70
110	34	0.640023543900937	80	84
135	154	0.1800763075783317	20	84
82	74	0.9101706697532075	31	69
16	153	0.6227258346458775	46	39
124	137	0.43120430129135046	82	29
79	148	0.9754412909194458	88	44
86	119	0.831591627188338	27	48
111	20	0.3581564899806805	2	24
14	12	0.4483029598427465	47	4
15	43	0.9724961566831605	58	79
97	138	0.307799841408139	5	55
91	33	0.40657037739058755	18	34
8	121	0.445135469801774	20	5
127	1	0.5652025265028011	91	66
145	12	0.16079906510876585	25	4
76	38	0.1126621051879867	28	100
104	10	0.6727794382725742	74	61
90	64	0.12811449233260386	61	29
36	24	0.774701506804269	94	80
45	141	0.35535194703145845	37	21
99	127	0.4889222742721291	13	91
70	52	0.6120758783866463	87	46
105	157	0.431072648440029	90	3
15	105	0.3941147774847217	58	90
30	91	0.8899299750171367	44	18
21	157	0.07475662435719821	11	3
81	69	0.9136707053966702	72	45
99	89	0.11705472945160433	13	51
10	55	0.7091246354091661	61	48
69	13	0.6464978504799841	45	38
59	126	0.7820955216112887	79	97
59	67	0.34481068579928187	79	10
70	42	0.0044028604477689415	87	97
16	156	0.5068066350224633	46	24
10	24	0.24106405483579474	61	80
76	6	0.3655232425658492	28	14
40	153	0.24356136696262054	51	39
10	138	0.5064917247824375	61	55
95	4	0.704783999533893	18	51
145	17	0.2517621723524123	25	25
75	102	0.3760852255193382	29	79
58	134	0.657740222761126	99	4
135	126	0.7781661385293388	20	97
75	80	0.04935142877167875	29	85
86	6	0.5302531296840729	27	14
153	31	0.9727835717568476	39	69
129	138	0.7563833555741927	86	55
62	30	0.9960026182625423	60	44
56	2	0.7738503404238657	50	16
135	129	0.5178122795533148	20	86
127	112	0.5307331578645202	91	29
43	48	0.779180335337953	79	27
121	133	0.9313152799723318	5	77
140	93	0.8029230427982207	70	64
7	112	0.6194205728439446	25	29
112	142	0.2600185301703596	29	88
79	128	0.4914264033446625	88	36
46	41	0.5982054952703313	44	67
43	99	0.6962619813551373	79	13
137	5	0.7059873847497561	29	93
75	15	0.5218052386990358	29	58
146	75	0.7796532387200259	77	29
67	91	0.981425654031565	10	18
101	55	0.21029558138297388	64	48
94	130	0.7910305928234419	42	96
62	139	0.04024429289945808	60	43
83	131	0.3389817432861689	42	21
67	150	0.5107082562766805	10	27
73	80	0.19302630757225503	98	85
61	100	0.34135085894218775	76	45
18	43	0.47656125065641963	40	79
120	126	0.9093341508052238	31	97
103	98	0.2619257707889471	93	18
78	136	0.1688998606457578	22	75
102	21	0.7024052656863409	79	11
150	95	0.6963837538273384	27	18
9	47	0.8751262939956612	23	78
111	127	0.26835107854875384	2	91
137	34	0.31318933843801966	29	84
148	76	0.9370881351191632	44	28
108	141	0.5404813020389869	38	21
70	135	0.3520717347045217	87	20
75	88	0.940926108251407	29	100
78	148	0.9293069678109065	22	44
136	98	0.9178136857631318	75	18
130	129	0.5532780390332452	96	86
70	136	0.6719759979571794	87	75
118	3	0.7267639539543339	9	5
144	105	0.7353922959989303	25	90
14	103	0.1707019180343715	47	93
13	102	0.13599571711694158	38	79
154	149	0.30989067558254935	84	41
114	139	0.05884043891367319	65	43
3	105	0.6937371841543667	5	90
94	120	0.6909666034199174	42	31
76	103	0.9222950058811495	28	93
90	147	0.5650058804302424	61	44
24	139	0.6828888488937119	80	43
41	129	0.34460724588488856	67	86
103	64	0.9365488521463515	93	29
86	17	0.232965928240082	27	25
126	150	0.42642478104983705	97	27
66	150	0.3801306045741807	9	27
125	111	0.8808231473816803	59	2
42	30	0.08242457228500621	97	44
47	89	0.9400422404272072	78	51
54	14	0.739652459301034	58	47
118	59	0.7525650476541617	9	79
55	119	0.858403567234173	48	48
1	90	0.8446194060195689	66	61
89	67	0.6919730496260758	51	10
55	135	0.54689924399239	48	20
35	6	0.3508126174530952	81	14
77	48	0.39341703300110276	38	27
150	75	0.8530426036912903	27	29
42	152	0.6598661599545443	97	60
51	126	0.5812832144323296	100	97
1	76	0.45709091750527353	66	28
84	27	0.3119519103645255	35	92
62	124	0.3009885172319021	60	82
115	52	0.011531628802414318	15	46
139	18	0.112548534964106	43	40
71	104	0.297707050219591	27	74
141	62	0.6872708587773102	21	60
43	90	0.9357729225706035	79	61
95	33	0.4584106916459455	18	34
128	102	0.8045083889861062	36	79
