sp1	sp2	symp	area1	area2
74	123	0.1750075880136176	94	48
107	117	0.7275169280717146	44	9
70	140	0.5475045077310537	91	6
76	29	0.6315120080618501	62	38
94	6	0.21717142616919471	71	86
106	102	0.44787964089017107	8	65
135	117	0.13675028113663779	82	9
13	98	0.7553219324464404	88	62
42	78	0.33238802550031454	30	78
134	33	0.05436613774354626	36	18
146	20	0.9230162426136629	76	81
68	148	0.7693555912044517	98	6
58	118	0.7575804154963308	48	90
151	5	0.3421676877144635	31	39
92	56	0.5088239996348645	17	47
65	154	0.125932015977828	100	3
13	5	0.8665628033803033	88	39
29	49	0.529051920988366	38	76
48	62	0.866444324491647	71	69
60	65	0.9027092189255803	24	100
108	16	0.8851457309307117	62	10
27	57	0.4396083203187131	60	94
72	42	0.8233913470944081	72	30
9	108	0.09633591891447257	55	62
70	76	0.6592678241100288	91	62
35	78	0.7036995243280162	31	78
98	27	0.9765885184104058	62	60
138	118	0.8612228902180384	42	90
15	16	0.4788510730533345	14	10
140	54	0.8857603806840839	6	97
38	157	0.050290063897341586	47	71
148	54	0.7981386281749128	6	97
65	61	0.3206608180164515	100	88
28	40	0.574674443591216	46	89
120	108	0.3925127903265617	2	62
82	78	0.5734986738807585	22	78
8	50	0.3384455474254717	42	68
55	21	0.5359764595138068	5	7
112	32	0.6650399458982214	85	44
53	36	0.7041408655661858	91	47
105	148	0.8695581044035159	25	6
84	32	0.9583129138354629	55	44
50	2	0.04616676152717847	68	62
103	39	0.8011351715977325	31	18
10	87	0.43866279997094726	13	81
117	94	0.9625310945062497	9	71
98	33	0.2538189847549731	62	18
94	52	0.6091522194225821	71	13
131	42	0.8414799992661279	68	30
148	78	0.35905015604543455	6	78
44	101	0.856529109568039	59	68
78	69	0.45647811263583093	78	39
145	35	0.8030449275558247	58	31
48	74	0.7802640272860053	71	94
145	45	0.5710424053760372	58	77
18	135	0.8555154297105637	89	82
3	156	0.7693796171178368	30	41
126	80	0.7507357174811784	49	40
94	121	0.8226329206561869	71	96
105	135	0.17666455370803458	25	82
55	33	0.4846835165134328	5	18
52	125	0.40478686662576835	13	46
24	149	0.18609628782537402	79	38
55	113	0.4219054287717552	5	44
101	126	0.1641626768224651	68	49
107	73	0.5283920764756181	44	60
53	106	0.7640132152095559	91	8
92	144	0.15903432382852944	17	85
95	30	0.05021550692760246	50	15
133	76	0.486096248074266	21	62
98	34	0.7110893760770493	62	90
46	22	0.5732221818606466	52	60
92	138	0.9752160322485234	17	42
45	38	0.6954213145228694	77	47
137	70	0.604863609252548	18	91
24	50	0.4348499102296095	79	68
35	17	0.4142428166600972	31	74
46	113	0.14047975684148883	52	44
25	58	0.6932515032944233	83	48
40	124	0.7966381332882362	89	70
53	121	0.8457388772246566	91	96
49	31	0.9709921861344237	76	23
80	105	0.06305470218676767	40	25
2	83	0.12693825970916162	62	36
12	49	0.3631489040207596	28	76
135	19	0.738906743691334	82	99
120	52	0.3630537203583345	2	13
122	67	0.6283857003156846	94	25
128	151	0.733734333291915	95	31
68	35	0.49513934757286016	98	31
112	135	0.5795781072021443	85	82
55	83	0.30561982251966036	5	36
132	65	0.34731359510443915	91	100
67	42	0.5209527977027153	25	30
20	138	0.2691938881554339	81	42
24	66	0.9352637729767911	79	83
58	120	0.3854163231063932	48	2
74	122	0.1809001934871679	94	94
3	153	0.9825211982754513	30	15
53	144	0.5594221376082292	91	85
46	112	0.7652525160068463	52	85
62	148	0.26338397182342876	69	6
32	12	0.271512582184238	44	28
35	50	0.46685560763671907	31	68
60	49	0.48195625426578237	24	76
34	18	0.6817100331620695	90	89
34	146	0.6234725931969822	90	76
124	12	0.9512007326877744	70	28
69	58	0.0066605673615285355	39	48
4	102	0.739764106242126	58	65
58	117	0.7772321308548761	48	9
130	50	0.6405852249734352	53	68
60	10	0.2939703497943451	24	13
110	102	0.039503226394175694	77	65
12	110	0.08785913374047027	28	77
69	91	0.11335393278292771	39	80
80	74	0.07972050735350167	40	94
75	156	0.6596846261876371	91	41
49	17	0.4737236625959801	76	74
32	108	0.9785729896797526	44	62
87	3	0.28187378507115557	81	30
67	50	0.5363330644173765	25	68
4	107	0.5340227481239687	58	44
37	94	0.6252929570634609	7	71
144	130	0.573560250616425	85	53
113	127	0.6539397928896753	44	71
133	50	0.818337642326384	21	68
77	2	0.8682988739106626	80	62
142	1	0.9387224761230845	67	8
133	3	0.47400557167837964	21	30
88	156	0.762345993255564	65	41
44	106	0.9040846162320201	59	8
88	85	0.20214657964781502	65	83
10	63	0.01838130915030134	13	36
136	98	0.5819635244166513	54	62
30	153	0.6792507324690003	15	15
96	116	0.6767819099110497	76	29
80	83	0.199467166566069	40	36
110	33	0.35527406466886835	77	18
69	49	0.3337475684010279	39	76
136	89	0.15351471287929686	54	14
119	118	0.4378499725400712	98	90
28	46	0.7183414010653438	46	52
117	43	0.2988987120702522	9	97
28	51	0.4880326994463805	46	88
142	84	0.26685507657567586	67	55
144	55	0.7887962973343987	85	5
118	128	0.07702675479113608	90	95
80	1	0.9546328725730809	40	8
101	119	0.4542792037611605	68	98
4	125	0.628790906928719	58	46
143	94	0.3846091234363195	90	71
99	123	0.8880065939826473	21	48
54	152	0.9302074283458722	97	89
128	144	0.7005326745903696	95	85
59	37	0.0028563725788272043	80	7
144	148	0.7527280106770508	85	6
57	123	0.43553534782069026	94	48
133	76	0.710513289428873	21	62
120	154	0.6183466859557598	2	3
27	126	0.42354737288224986	60	49
55	87	0.5083302150039608	5	81
110	147	0.6850135717913722	77	23
80	48	0.5551696609548032	40	71
106	85	0.42044696277021787	8	83
14	36	0.6892301863714789	63	47
75	61	0.10539618147348084	91	88
128	53	0.9141702461670499	95	91
155	88	0.8265056361847166	4	65
128	138	0.2680294761328309	95	42
13	60	0.1940907361829649	88	24
84	21	0.12125701080220885	55	7
148	120	0.8421630231006437	6	2
19	28	0.7539865185143728	99	46
115	116	0.5246344209909772	90	29
156	36	0.9105690400892599	41	47
11	122	0.8602693625644441	79	94
78	2	0.4470121948656314	78	62
117	67	0.38188731055767955	9	25
128	76	0.21797148850010617	95	62
153	77	0.9474120253980519	15	80
51	156	0.6578348966394789	88	41
100	148	0.7742798588662114	51	6
87	65	0.7589341079097598	81	100
88	1	0.014290282229795892	65	8
90	124	0.8477016162138187	27	70
48	92	0.04188815527305434	71	17
27	5	0.8363630054260932	60	39
112	116	0.8298549998341173	85	29
156	111	0.12342495179622226	41	98
102	104	0.13657299654081845	65	90
18	30	0.14300332462975696	89	15
74	110	0.5703299403589815	94	77
54	137	0.9557354115827059	97	18
47	92	0.9180633214130615	41	17
78	105	0.5191673966010876	78	25
102	123	0.4408553706836775	65	48
72	36	0.41873274436966323	72	47
131	139	0.09519233870731758	68	15
20	59	0.18809982540244674	81	80
36	157	0.3595153188790955	47	71
27	55	0.6325736249831472	60	5
37	3	0.17260096527638913	7	30
59	71	0.3142865514135773	80	6
40	9	0.10188558633648681	89	55
65	133	0.259119702060271	100	21
38	138	0.11114110326696969	47	42
22	155	0.7733332987689299	60	4
105	57	0.5747074798369085	25	94
69	77	0.37495617001024506	39	80
127	88	0.25877579436427667	71	65
66	54	0.7218459463853566	83	97
134	5	0.6410554993596804	36	39
64	6	0.9808814278773583	34	86
47	113	0.5833998899107727	41	44
80	155	0.9592610970879405	40	4
43	121	0.12224959825344417	97	96
91	63	0.8332547980996737	80	36
103	14	0.3601069092864212	31	63
86	34	0.5384983805986978	60	90
127	112	0.23782947906960616	71	85
61	33	0.23790872433447918	88	18
83	137	0.6988827008427717	36	18
133	44	0.6610249670354758	21	59
42	137	0.5030505878055728	30	18
127	63	0.3121405477580772	71	36
94	1	0.3690844267799296	71	8
67	101	0.54824363304288	25	68
58	80	0.1578807845520609	48	40
115	53	0.7371919060576703	90	91
59	118	0.1439428449114194	80	90
52	93	0.2596494159855184	13	1
105	121	0.4940648023588471	25	96
3	145	0.345194919264431	30	58
18	2	0.8581777265846103	89	62
31	144	0.6249410058474896	23	85
70	13	0.02353131150813914	91	88
100	16	0.5244052573523367	51	10
116	74	0.5703727239952073	29	94
34	87	0.25374078124883126	90	81
135	69	0.922754693898752	82	39
71	4	0.15639432830461797	6	58
24	96	0.9381491801169277	79	76
134	7	0.11474222672169976	36	57
35	100	0.9870017026300659	31	51
135	52	0.6440552642986421	82	13
6	114	0.19812362011775497	86	59
14	90	0.35790172292316047	63	27
114	37	0.973412227057853	59	7
119	27	0.5221926833044399	98	60
64	12	0.5100783513302737	34	28
19	22	0.9037387100239295	99	60
127	102	0.46034312659280907	71	65
62	28	0.8740078175869727	69	46
125	90	0.08973137177753099	46	27
67	65	0.23581681535626187	25	100
116	135	0.8808068945402819	29	82
154	67	0.4977707990001431	3	25
18	127	0.15199388572637895	89	71
37	34	0.3551965910342879	7	90
81	9	0.6364010587348855	79	55
146	51	0.621316331260913	76	88
83	123	0.7841013032842306	36	48
88	92	0.9906681450103723	65	17
156	117	0.5940891740999567	41	9
141	52	0.20729623941301645	58	13
15	122	0.2527891244642959	14	94
153	28	0.5439691833633477	15	46
77	66	0.982012164843049	80	83
95	92	0.7313920308961364	50	17
50	7	0.8158171713405273	68	57
118	100	0.07913600494062167	90	51
136	103	0.043880551584105754	54	31
85	128	0.8144655451131968	83	95
110	105	0.7539141795992229	77	25
99	31	0.244218772329322	21	23
104	57	0.8418501478531346	90	94
152	102	0.15195580513730877	89	65
134	103	0.0945041500484366	36	31
51	83	0.0643943067413465	88	36
8	4	0.06014136503556322	42	58
38	133	0.9510806319882095	47	21
134	126	0.3740555743209639	36	49
119	70	0.4202158137517218	98	91
148	156	0.8414157896276852	6	41
70	140	0.6410537863804736	91	6
147	37	0.7940478387011269	23	7
10	104	0.3700797350270788	13	90
105	12	0.04838989519336967	25	28
111	58	0.4250684791348156	98	48
118	99	0.4670550999819685	90	21
23	125	0.1797280705276193	58	46
15	150	0.9458416373847017	14	81
87	39	0.15006451260270715	81	18
50	139	0.7626261332729936	68	15
65	108	0.7378219381437588	100	62
98	22	0.7766172885962689	62	60
19	120	0.1215285917378659	99	2
33	141	0.9906073326320324	18	58
75	57	0.9363924662206972	91	94
43	55	0.11782773989188544	97	5
82	52	0.7871581132104283	22	13
57	101	0.1173531578731315	94	68
106	96	0.9958873976527062	8	76
9	149	0.8538569717723211	55	38
147	102	0.0924603335677101	23	65
96	11	0.7283347213176867	76	79
125	13	0.4460202616728448	46	88
98	154	0.4779076129773212	62	3
41	19	0.013715405638553224	94	99
82	144	0.7312775752173447	22	85
16	91	0.8744606889032902	10	80
6	46	0.35961997837275994	86	52
38	54	0.4151526360015383	47	97
12	111	0.7629117497473936	28	98
98	68	0.6706509691594085	62	98
144	4	0.7022321287523603	85	58
82	128	0.8831443095880082	22	95
142	128	0.669415076747986	67	95
51	98	0.5120141302831955	88	62
154	65	0.793072017915756	3	100
67	106	0.6834043352367768	25	8
5	52	0.06575688497830245	39	13
83	50	0.5847702493125737	36	68
12	19	0.6779333518246274	28	99
101	74	0.0784420132257414	68	94
46	2	0.4123726764999963	52	62
55	33	0.9340366071612314	5	18
114	130	0.4091431522932857	59	53
73	48	0.3022696949410122	60	71
11	131	0.14512619048498776	79	68
146	86	0.8793460808511013	76	60
21	121	0.20894165488759164	7	96
67	34	0.7822545076245692	25	90
139	23	0.5113550108524396	15	58
74	103	0.33072231618378967	94	31
7	44	0.5940804833227379	57	59
65	155	0.9609580026960014	100	4
21	101	0.612872664621599	7	68
61	23	0.1921325620965545	88	58
130	99	0.2738082357506406	53	21
70	110	0.9045316577147833	91	77
131	125	0.48473983268984877	68	46
108	114	0.04141325509277061	62	59
91	38	0.17850985193209967	80	47
17	96	0.7295891820888416	74	76
35	151	0.14488402094002018	31	31
77	54	0.053149315376684214	80	97
26	92	0.7711175384151683	83	17
114	130	0.6927644289586607	59	53
72	69	0.754408460064952	72	39
21	143	0.9767841562022535	7	90
47	35	0.4445000614532194	41	31
134	89	0.08415933860119229	36	14
122	36	0.2968055220617064	94	47
143	95	0.7948517254990419	90	50
17	43	0.1513635404631044	74	97
63	61	0.17237890702272896	36	88
127	43	0.9041508820489451	71	97
151	141	0.05228736467990436	31	58
114	136	0.6993438883071564	59	54
106	99	0.4647584004690415	8	21
61	15	0.8818280034628997	88	14
89	157	0.3614877622317061	14	71
27	88	0.4930731211601159	60	65
34	144	0.2824884834488405	90	85
140	54	0.06210611979769387	6	97
71	107	0.16640132776983352	6	44
81	68	0.41638506646274176	79	98
50	154	0.5886908577902523	68	3
7	37	0.1404056670489361	57	7
78	60	0.6153855341409602	78	24
86	146	0.07299869229738376	60	76
37	71	0.7156386827313338	7	6
98	17	0.6841870289064338	62	74
103	53	0.1644504595937707	31	91
