sp1	sp2	symp	area1	area2
30	11	0.2815516044557629	59	44
7	11	0.18019242834181515	51	44
122	105	0.47238042563320504	49	32
126	143	0.29895999552493013	9	74
35	65	0.3843453653358435	83	73
110	68	0.9635493069122679	61	83
119	147	0.8559101044908387	46	96
120	126	0.19418810327292568	2	9
57	33	0.5025619478776364	28	19
144	24	0.2603989128891804	40	5
114	40	0.9932704643929963	7	53
119	25	0.4546034826249816	46	84
12	59	0.43835946177086893	63	84
145	154	0.17245266719441932	75	42
109	157	0.779838153419638	72	71
38	89	0.2744346682315477	46	82
79	65	0.3024768383737265	83	73
139	133	0.161854227778082	2	21
109	143	0.21878536900349865	72	74
139	132	0.3553067582181154	2	81
58	18	0.4946972482227081	96	33
7	116	0.04693791798208369	51	98
76	53	0.30981246302332255	44	98
97	66	0.8344834570681571	58	39
118	28	0.6835282966804432	39	29
130	5	0.5937892884736587	8	80
8	17	0.429685745839249	16	93
120	95	0.35474669459711206	2	30
148	101	0.28748148870229173	10	28
107	94	0.07486388052475457	33	16
106	153	0.5643357301475885	20	90
122	131	0.041510846605974594	49	75
135	74	0.38104484142224526	55	11
91	14	0.20179079660126598	45	6
17	72	0.6602560347489064	93	48
41	16	0.06582112347704405	49	75
10	9	0.7243849347745324	94	95
154	113	0.039235646446978745	42	84
41	133	0.6018335568127315	49	21
128	146	0.4943136999226181	41	31
133	5	0.017333073918607944	21	80
24	82	0.3525588009529961	5	32
99	152	0.38817530975183967	2	51
48	96	0.49099866559185124	76	46
69	79	0.21331217637228095	16	83
116	155	0.4784568660426718	98	86
107	61	0.9785482814236167	33	7
76	26	0.30491503351521343	44	65
125	57	0.255460370702012	23	28
118	155	0.8911926858244279	39	86
19	52	0.17722563601145758	37	67
36	92	0.5053953304394766	4	2
47	55	0.6550085824401481	61	51
145	1	0.013727439017018006	75	8
71	20	0.08839177166984857	63	40
13	73	0.49949034410239557	22	2
122	147	0.6946548966439592	49	96
70	105	0.6493703787568802	86	32
157	72	0.2276887094231227	71	48
102	86	0.315340888430364	34	50
23	21	0.5134466317739971	8	14
101	136	0.8473217888546134	28	34
149	153	0.967813835610687	22	90
57	52	0.07306357962388865	28	67
139	42	0.7603302234856361	2	34
92	69	0.954932131859293	2	16
73	24	0.2542488726428995	2	5
145	146	0.06254120917373118	75	31
102	13	0.7298097451593719	34	22
142	6	0.7275718864626459	49	70
3	2	0.5319179959995721	23	14
145	117	0.16564186894920063	75	77
74	87	0.49798749820181554	11	64
30	115	0.2285204445637824	59	97
39	101	0.01896673185073794	46	28
78	43	0.4291097973983491	35	97
95	136	0.044120002158330895	30	34
8	130	0.6337891046342103	16	8
105	52	0.6787751184269641	32	67
13	35	0.7748899144333901	22	83
79	111	0.1943438252609586	83	41
134	50	0.12715257068550478	87	12
107	67	0.8978870532651537	33	19
150	70	0.026586947780933956	94	86
97	119	0.039468283673060434	58	46
138	96	0.6146692113651991	73	46
31	63	0.5518219396063709	91	43
113	143	0.5169742414836834	84	74
143	30	0.6033566677334385	74	59
47	150	0.14482282968887195	61	94
40	151	0.26070098212913007	53	28
38	54	0.7657010409425167	46	47
61	109	0.6512399513376957	7	72
54	74	0.9581179040234111	47	11
82	138	0.6837943432445611	32	73
138	91	0.4818078549539875	73	45
123	60	0.9262541805140891	79	55
67	108	0.4667319003988788	19	94
31	21	0.597993254903042	91	14
16	44	0.5630604190820668	75	58
71	111	0.10239576448651078	63	41
59	90	0.7903044528273537	84	97
81	123	0.982560793354317	86	79
1	65	0.9585973477192399	8	73
16	92	0.2402311042415578	75	2
137	59	0.22394570376715262	50	84
24	154	0.5189929938720241	5	42
89	58	0.4446885070411356	82	96
41	145	0.6413191469884232	49	75
142	106	0.757627025451951	49	20
57	58	0.5030181960951268	28	96
117	101	0.24487622519825047	77	28
157	49	0.3760733056024489	71	56
125	15	0.4464175152755955	23	37
17	59	0.7832479628696069	93	84
70	116	0.7779935614071836	86	98
47	156	0.21507463286054584	61	2
124	42	0.9895080224617295	100	34
39	115	0.906171933028237	46	97
56	76	0.13784909041045534	32	44
134	128	0.42816993634029776	87	41
22	112	0.571667942608347	90	9
114	51	0.3194916069832937	7	98
28	9	0.39964189020841334	29	95
103	80	0.48634331766776395	69	26
95	96	0.19041437954702267	30	46
118	46	0.8538692767063192	39	73
67	156	0.2423341965863246	19	2
2	12	0.0014789051810275566	14	63
87	42	0.5723608967853829	64	34
46	150	0.7494011653279479	73	94
147	1	0.5869921099203715	96	8
34	119	0.8484988926509462	17	46
155	4	0.0739759953002006	86	36
45	151	0.9643191734254225	84	28
88	116	0.5213975394604546	31	98
85	133	0.130887862373388	69	21
91	13	0.4936471298369133	45	22
13	142	0.2149943172041312	22	49
56	1	0.6015895663347859	32	8
152	51	0.0717741061070355	51	98
10	103	0.9599519978209891	94	69
112	78	0.9715964210243418	9	35
140	107	0.5456584233383559	25	33
125	126	0.18760884396496036	23	9
69	136	0.0978642929578768	16	34
150	84	0.6168097537348088	94	16
17	115	0.710145497650232	93	97
109	49	0.42012683468519096	72	56
145	107	0.8953116341156411	75	33
25	78	0.8424233978165391	84	35
45	127	0.5696047387443207	84	62
104	142	0.5886373450486826	86	49
132	26	0.8254957366413925	81	65
7	138	0.9252426661266787	51	73
131	19	0.4562422860580867	75	37
91	48	0.7655013509154054	45	76
45	32	0.7730403455013091	84	51
2	13	0.6469986431826169	14	22
2	63	0.13192041007921784	14	43
81	27	0.268060045413393	86	24
4	91	0.7195951542306309	36	45
49	114	0.8044825168080815	56	7
87	45	0.25946546750883204	64	84
107	115	0.8948008945642513	33	97
65	108	0.9752291516744519	73	94
138	40	0.5006749587920869	73	53
11	145	0.7892757758796011	44	75
86	75	0.6084388620509785	50	79
4	21	0.10833064141821269	36	14
65	17	0.7170612807513752	73	93
46	44	0.6360228872306901	73	58
117	96	0.014931707225465218	77	46
70	62	0.6169736130536073	86	76
73	65	0.2340093929976057	2	73
117	6	0.10261734256823729	77	70
50	97	0.6102644668647235	12	58
56	52	0.5149377597071295	32	67
81	79	0.9645586189112746	86	83
100	77	0.3946584420815893	59	92
129	38	0.9425491218562708	15	46
85	31	0.18754477046449003	69	91
121	32	0.7224101726985787	79	51
34	53	0.9228421216586609	17	98
24	157	0.9854398119876275	5	71
152	41	0.9976227100760878	51	49
138	8	0.43455842379895204	73	16
130	132	0.2625521656712039	8	81
114	6	0.7726074720641523	7	70
111	147	0.06051159295812181	41	96
87	126	0.7912754745124452	64	9
41	21	0.3598977926087428	49	14
43	74	0.7573455741619959	97	11
110	83	0.7541920920373322	61	52
45	107	0.06293876197615911	84	33
133	14	0.2256258009942712	21	6
4	40	0.14005859375389917	36	53
74	39	0.01938847793844556	11	46
89	77	0.3743039454004147	82	92
66	132	0.9073070991481798	39	81
48	84	0.3664361090407331	76	16
73	92	0.2773899651546461	2	2
138	50	0.5382383541170067	73	12
40	107	0.016828088272480612	53	33
46	1	0.38438978218056097	73	8
79	24	0.999520073620857	83	5
116	70	0.0026505193329726673	98	86
66	55	0.5399686322182822	39	51
70	32	0.9799461145858808	86	51
72	68	0.27074841262027194	48	83
10	134	0.6238531820186768	94	87
149	147	0.49599407124200323	22	96
154	52	0.5840329543738598	42	67
13	60	0.20190539828124288	22	55
97	100	0.6081822225891529	58	59
127	17	0.16497320805115256	62	93
17	125	0.18635420663887503	93	23
155	137	0.8467470625898631	86	50
10	120	0.3365137966928332	94	2
127	50	0.8015284163219315	62	12
95	66	0.9229432363259846	30	39
99	47	0.48149254413003006	2	61
146	94	0.4081218945015367	31	16
1	43	0.9008632025858461	8	97
127	51	0.5332218895287577	62	98
40	138	0.25307571716702193	53	73
53	116	0.1689142636331019	98	98
29	58	0.975894729038142	2	96
98	38	0.8980305926276642	28	46
138	84	0.6016307311209143	73	16
146	89	0.9109051817837436	31	82
116	48	0.5365586182936196	98	76
105	98	0.4890303064692263	32	28
24	129	0.13208128605297587	5	15
79	50	0.11552291888558797	83	12
34	120	0.5616853582003413	17	2
42	81	0.9614188211782719	34	86
147	58	0.9513113484563057	96	96
23	22	0.9450736668025023	8	90
82	121	0.27514767812311147	32	79
120	31	0.96619933311334	2	91
42	33	0.9409988776654963	34	19
76	61	0.4177020345625019	44	7
85	127	0.9771741512343787	69	62
31	43	0.22678645465438707	91	97
119	129	0.5732222665567396	46	15
24	57	0.30606710408292215	5	28
21	99	0.5955035851392364	14	2
24	67	0.6936060755877339	5	19
52	153	0.6191266436550251	67	90
88	125	0.4687150989293981	31	23
34	9	0.7746672008827987	17	95
122	70	0.3592263790382175	49	86
154	141	0.3973621002490053	42	22
26	119	0.7041121188468695	65	46
122	70	0.6683738632763407	49	86
93	115	0.5289975785807133	41	97
30	136	0.10342415766309343	59	34
98	36	0.37706298220346235	28	4
8	131	0.32164635944534703	16	75
72	33	0.7350581392879647	48	19
119	118	0.32934383038854687	46	39
61	74	0.056115040027556295	7	11
7	60	0.42732572807139557	51	55
144	74	0.8076468778486001	40	11
127	136	0.46746981529214837	62	34
78	121	0.17368647076675214	35	79
139	97	0.892901084985462	2	58
65	73	0.3184980790997285	73	2
77	1	0.6730891694373121	92	8
139	116	0.5609636461399627	2	98
140	55	0.24629075778326426	25	51
88	31	0.49940778581086975	31	91
123	81	0.6587230923428413	79	86
128	90	0.7596624865097961	41	97
13	146	0.18534121098339607	22	31
34	147	0.8508466008478339	17	96
111	87	0.5986712741848863	41	64
17	44	0.2852562306318722	93	58
27	145	0.8816597311775541	24	75
132	153	0.28190310776129524	81	90
109	84	0.23302400734054507	72	16
122	67	0.8960055721119027	49	19
115	28	0.03556006929678135	97	29
112	152	0.3675222977810563	9	51
104	55	0.9587878686276475	86	51
129	58	0.6640642566964687	15	96
62	98	0.27186410233112224	76	28
84	110	0.384494529655071	16	61
24	140	0.9054054596067893	5	25
28	147	0.8142386104712125	29	96
80	118	0.1758502688367557	26	39
83	27	0.5458207077048634	52	24
64	133	0.46204789117748113	95	21
50	89	0.032564706623948836	12	82
31	120	0.13440305415809073	91	2
155	147	0.4203836712989054	86	96
152	104	0.8446793158706193	51	86
11	145	0.6676701494489703	44	75
107	116	0.33041565479409396	33	98
86	129	0.8988081124618492	50	15
134	136	0.019730716845029472	87	34
113	35	0.1137286307144818	84	83
85	71	0.3642644304948318	69	63
137	149	0.004554415192208894	50	22
120	156	0.8915194949133264	2	2
29	47	0.07740184661501559	2	61
148	23	0.10078087881975162	10	8
99	140	0.23122726088475876	2	25
131	42	0.881702418121391	75	34
62	59	0.5972028259287699	76	84
46	49	0.5747663961343874	73	56
156	11	0.6395141207927898	2	44
11	118	0.8755774785011569	44	39
89	8	0.34125672486353453	82	16
43	112	0.9515805824578296	97	9
66	156	0.5537101791179325	39	2
151	73	0.5457586431767306	28	2
119	29	0.7237233496722134	46	2
77	99	0.8354253592098297	92	2
23	4	0.7316969959971621	8	36
125	29	0.09947340406341643	23	2
17	155	0.45741765709438353	93	86
6	7	0.6781781904777701	70	51
83	48	0.41248056549871126	52	76
82	44	0.6368208202307162	32	58
30	51	0.8269259124287104	59	98
56	100	0.6727086947277157	32	59
63	150	0.07420988618428681	43	94
128	56	0.78884991196682	41	32
123	37	0.019460061328652967	79	91
139	17	0.03341768950757773	2	93
157	83	0.337702913705355	71	52
148	154	0.2672492441299047	10	42
17	21	0.25471156525971994	93	14
118	56	0.6788479276493709	39	32
7	2	0.7143733864825178	51	14
40	129	0.30462274728756245	53	15
77	133	0.543248447327623	92	21
156	145	0.43578036578736556	2	75
151	104	0.9014149590513078	28	86
152	125	0.1320059245191939	51	23
47	116	0.0567648021759255	61	98
36	15	0.5166107496326241	4	37
27	46	0.2930630475876771	24	73
16	154	0.23408620190200646	75	42
38	53	0.6564881928311904	46	98
68	95	0.9323691165215945	83	30
145	132	0.6889759765093065	75	81
36	82	0.1193836528512301	4	32
97	111	0.12371257026321558	58	41
81	50	0.7337635596761514	86	12
47	43	0.9506858558462803	61	97
64	145	0.014745234571450938	95	75
101	89	0.736748742438387	28	82
48	54	0.4751349074900899	76	47
126	43	0.8770283696228588	9	97
26	86	0.5849586153289035	65	50
107	120	0.17054701352790502	33	2
51	96	0.0354945877342846	98	46
4	10	0.06551314084985993	36	94
147	151	0.7334271040536412	96	28
62	17	0.885808924793787	76	93
129	146	0.7863789473253371	15	31
9	118	0.607887243448458	95	39
151	86	0.09290930012953902	28	50
67	103	0.8645132602063204	19	69
37	55	0.8834709338837974	91	51
145	36	0.3424908276059383	75	4
122	147	0.659581308075427	49	96
156	141	0.30125628062450294	2	22
5	48	0.10425786825597183	80	76
109	104	0.5016369037807635	72	86
147	83	0.19281484439973806	96	52
37	152	0.3500931812510868	91	51
66	156	0.6706782374851082	39	2
