sp1	sp2	symp	area1	area2
90	110	0.3021395183691161	38	11
62	17	0.8295322875658713	32	80
46	33	0.8876588157402234	8	19
9	48	0.8817335746838064	46	92
90	126	0.26299090804603864	38	10
153	102	0.5547087709087647	30	50
12	120	0.015866234456521133	98	28
124	149	0.6055338074430323	29	32
50	14	0.3089308405933653	18	76
37	152	0.6673149713300413	97	79
102	141	0.44107411737356184	50	50
24	122	0.42435492215179693	40	17
68	38	0.7562672535399649	9	49
144	35	0.6767992691116085	74	11
126	79	0.7442485987600496	10	32
140	112	0.028526440236062323	79	55
154	79	0.8046980296820082	56	32
121	33	0.6086679780466674	31	19
130	108	0.14190278084190333	21	7
76	135	0.4586218343586046	97	46
84	133	0.6695286607009056	42	19
66	125	0.09780752421374583	44	67
157	1	0.19319683898245266	79	7
65	34	0.4376112393504683	2	65
82	137	0.41599906748011584	79	30
153	135	0.197780547775264	30	46
34	156	0.057097506954028154	65	61
128	73	0.9297940158681052	54	82
98	21	0.3305673082389283	76	42
124	82	0.4775307448676994	29	79
54	32	0.5600887210805964	46	39
51	146	0.38508352587584227	16	47
60	49	0.07523691380965669	19	39
39	27	0.29261497486828825	14	79
156	25	0.45468860060256755	61	75
30	53	0.9841831021097514	75	81
29	55	0.19276714406128215	10	96
147	54	0.0689717207974414	74	46
139	68	0.6966356378306454	58	9
34	93	0.21107577115450105	65	26
128	34	0.5021325467188443	54	65
43	82	0.5962855383671483	22	79
146	58	0.03992771811597007	47	5
54	110	0.06879693804709186	46	11
10	103	0.13418305355031068	9	26
69	131	0.6650478441941863	49	36
20	13	0.6833992881118571	37	99
128	4	0.6801683963870909	54	28
71	142	0.9165747971647978	36	90
122	58	0.4460037908490493	17	5
22	144	0.23200113060101168	5	74
112	136	0.7083532633977851	55	27
104	110	0.035740710725640445	34	11
157	68	0.6512106274850908	79	9
55	93	0.3319209810758319	96	26
75	78	0.4133349377719657	75	56
50	37	0.9118183872301969	18	97
112	73	0.011069774876639848	55	82
7	146	0.46814342216494764	32	47
67	8	0.4884171108820723	47	12
74	90	0.6872856965001486	83	38
101	138	0.8790446587401877	19	2
9	109	0.549243001623144	46	61
114	67	0.9690351348593446	1	47
48	63	0.8145738450005237	92	2
74	20	0.2703279011024943	83	37
110	65	0.10992751896875996	11	2
49	84	0.9761129994812181	39	42
136	121	0.3733111748532226	27	31
57	106	0.6997296229071776	75	47
111	48	0.6840522188530179	63	92
40	85	0.6659449042333344	32	42
26	28	0.6192398830908813	94	24
83	25	0.06004733853926336	1	75
73	24	0.9528086995248461	82	40
20	38	0.9179497387382638	37	49
89	44	0.36652393020140106	53	85
116	82	0.7128574288561795	30	79
10	135	0.27915888758584784	9	46
124	19	0.06084563803387755	29	46
22	32	0.3637331526112876	5	39
38	46	0.5001394572954329	49	8
2	102	0.8940001558386028	60	50
35	13	0.6967209892396674	11	99
104	23	0.12485980818123843	34	34
27	67	0.8272380612348345	79	47
108	73	0.09992350367800495	7	82
77	84	0.00764186318203941	79	42
7	150	0.3209565587244929	32	39
102	73	0.2451243029651483	50	82
148	47	0.6968865133388956	90	10
154	34	0.03083753007151413	56	65
115	85	0.7589723975303432	65	42
106	69	0.15159911577969243	47	49
140	35	0.21014630376275623	79	11
102	4	0.7958428348478215	50	28
127	22	0.9739653604313481	34	5
151	105	0.7895264316565996	91	44
24	116	0.7821217471196455	40	30
104	43	0.030499513554536728	34	22
89	56	0.9755850975920622	53	29
147	149	0.05515605682538016	74	32
53	99	0.9180876816677191	81	54
62	91	0.13911080657202768	32	39
91	11	0.2609952610083184	39	82
16	78	0.8043607823585077	47	56
97	46	0.3585225928800876	1	8
70	26	0.128329387032468	8	94
39	114	0.06481892320758831	14	1
64	152	0.9923095625486518	26	79
44	59	0.9646071069499996	85	38
97	123	0.44678069855677494	1	88
93	52	0.5001920262198147	26	89
15	30	0.7519731693269137	56	75
3	125	0.17727854807684185	99	67
125	150	0.2194159269285495	67	39
30	33	0.4677329869998855	75	19
124	12	0.607056701868012	29	98
155	17	0.8205284309067954	83	80
31	81	0.20319457656048967	21	86
75	73	0.0601165704655825	75	82
33	128	0.6316638310946394	19	54
131	154	0.047524998641738314	36	56
55	38	0.8583406356958858	96	49
118	26	0.963195359164554	93	94
26	118	0.8402496909166551	94	93
123	27	0.34174289907087596	88	79
37	29	0.25277251559096003	97	10
103	8	0.4930180010537796	26	12
16	72	0.7273513966025084	47	54
99	56	0.07004721203236886	54	29
37	48	0.36432869568130977	97	92
118	145	0.5331344868873918	93	1
40	2	0.8980288560798197	32	60
108	84	0.6628473656367795	7	42
96	79	0.9730588199141461	98	32
68	98	0.7732329928011737	9	76
34	112	0.7385195165164212	65	55
131	21	0.35541803728675736	36	42
41	49	0.77523514579305	96	39
33	45	0.682972093424847	19	88
97	128	0.608528141404322	1	54
22	148	0.8623217836849196	5	90
38	127	0.5147016071101883	49	34
65	6	0.9063738795170391	2	87
47	26	0.6692298418089261	10	94
138	85	0.8745978788791491	2	42
118	70	0.9509304303982528	93	8
126	146	0.6022942176582471	10	47
20	87	0.14991847948370618	37	36
81	20	0.19091832603393566	86	37
21	22	0.04226582607448448	42	5
25	63	0.36655934417939695	75	2
14	41	0.9741288061303082	76	96
115	4	0.04206821602692801	65	28
91	55	0.03967605487654369	39	96
156	111	0.845605993175974	61	63
8	149	0.00014859100973685369	12	32
8	37	0.5442002905347603	12	97
68	93	0.11918988495866967	9	26
13	57	0.582333632882225	99	75
103	31	0.7738882576628247	26	21
62	56	0.04974717994117106	32	29
89	125	0.08775095217279039	53	67
150	147	0.1917810883351444	39	74
61	96	0.8732378485334791	5	98
146	54	0.18391699067386458	47	46
154	96	0.20588805306739189	56	98
5	18	0.003012852229594132	8	44
99	121	0.101957210031841	54	31
76	113	0.19349946045148436	97	37
52	44	0.15162172103671323	89	85
98	42	0.01965007571223143	76	20
36	52	0.8420764596786527	85	89
78	29	0.13346410731382896	56	10
60	137	0.12292175172845654	19	30
77	148	0.7415982367519793	79	90
26	143	0.9524690381163228	94	60
37	18	0.8526316369355147	97	44
55	60	0.08640387823414597	96	19
108	82	0.09180823369147806	7	79
64	107	0.5651250202909165	26	37
57	136	0.12183579630555064	75	27
74	117	0.8593847122380084	83	6
46	124	0.10956748068283872	8	29
51	134	0.638133389802814	16	8
120	37	0.40525560232292435	28	97
123	99	0.5807685310877132	88	54
40	154	0.9502418104464788	32	56
38	74	0.8519833303948876	49	83
152	5	0.7417146959404354	79	8
134	2	0.28288761116761363	8	60
75	51	0.74305988119707	75	16
22	51	0.5837126578781783	5	16
40	71	0.9011653444412694	32	36
44	113	0.22422990002712695	85	37
59	45	0.17855427190349027	38	88
143	93	0.3004750248699015	60	26
122	61	0.09120617908296136	17	5
4	133	0.9174017068433848	28	19
27	10	0.484867436506226	79	9
43	109	0.5407529488738451	22	61
144	156	0.4428989476869356	74	61
3	41	0.8565285496052565	99	96
99	141	0.25154414583890095	54	50
96	98	0.367138148990401	98	76
43	103	0.8229901853484242	22	26
95	109	0.5246598257299617	47	61
124	102	0.6535439010222055	29	50
51	73	0.16523266901881362	16	82
147	13	0.674944062709494	74	99
36	68	0.5143488312762797	85	9
54	76	0.37562735745074205	46	97
41	43	0.6304807648603499	96	22
137	49	0.05239957599665368	30	39
81	139	0.5708034936639922	86	58
57	34	0.9471361108273567	75	65
52	16	0.7277891892847524	89	47
106	13	0.27353374084602844	47	99
31	118	0.8611597948073296	21	93
1	62	0.07004879505096573	7	32
91	70	0.3154949658549836	39	8
66	50	0.3863879858288346	44	18
126	110	0.37106930535878835	10	11
67	7	0.33624013898148597	47	32
77	133	0.16652597315869877	79	19
101	128	0.1470659196237566	19	54
9	96	0.3423164909654529	46	98
6	49	0.4432289715236477	87	39
45	105	0.05824374525419884	88	44
133	29	0.35239938832444795	19	10
12	42	0.8844167823934969	98	20
74	66	0.8088221442639958	83	44
129	37	0.7492881371348223	47	97
93	76	0.6692501231000415	26	97
123	4	0.5506636292978363	88	28
116	43	0.24690356345126807	30	22
110	77	0.40186182621914646	11	79
141	56	0.9390625236162271	50	29
98	114	0.6713691481476425	76	1
45	93	0.38269162268291557	88	26
151	31	0.6539092779742753	91	21
73	78	0.23393815596797263	82	56
129	102	0.6566961033211915	47	50
25	13	0.5612549135931089	75	99
127	94	0.4691729267014746	34	9
40	10	0.9675882567878921	32	9
150	30	0.898278922308506	39	75
46	135	0.8324612234959208	8	46
154	130	0.0996596154555417	56	21
124	143	0.0841585466868986	29	60
133	95	0.10029886764485108	19	47
147	93	0.08116854768464088	74	26
120	34	0.5349656114257753	28	65
74	85	0.22175271100180594	83	42
88	55	0.06364222759431293	49	96
139	7	0.5202310276132398	58	32
94	119	0.2234716966162934	9	34
14	22	0.4541040778691291	76	5
8	19	0.03136938325233718	12	46
131	63	0.16322698869889773	36	2
131	59	0.14120664705598596	36	38
54	1	0.442463433460174	46	7
26	33	0.2956628360034288	94	19
101	18	0.7525509850329655	19	44
70	99	0.9062071875550571	8	54
132	101	0.5067934122543216	46	19
119	124	0.5959055234193584	34	29
110	146	0.3088618514642857	11	47
54	52	0.8701118151268433	46	89
122	80	0.5970385249147901	17	82
139	98	0.5576946455794548	58	76
20	76	0.20042776547096208	37	97
24	8	0.5587318436317846	40	12
86	14	0.35369177957584896	99	76
134	55	0.40055347292791943	8	96
27	116	0.64691111542036	79	30
28	146	0.4158040633023916	24	47
75	6	0.10281147114545319	75	87
98	52	0.28508231600608813	76	89
44	61	0.2842692883959623	85	5
65	66	0.42693412691731036	2	44
63	82	0.471202579753884	2	79
44	32	0.3643498643893024	85	39
52	101	0.6023004459883458	89	19
105	99	0.5714204769699095	44	54
150	142	0.2142802867650625	39	90
119	52	0.3648376111998086	34	89
6	87	0.8234371661675659	87	36
126	130	0.876906533881902	10	21
55	105	0.6899464200418464	96	44
27	67	0.7490527486197198	79	47
130	91	0.7205358739602172	21	39
31	36	0.7541055516376818	21	85
18	115	0.09439386921409831	44	65
136	137	0.2633953778971443	27	30
25	46	0.705795334276157	75	8
22	59	0.3192392225052446	5	38
95	53	0.009866267125927086	47	81
131	146	0.575135551628785	36	47
34	121	0.8342822581375081	65	31
28	126	0.9378321987107294	24	10
26	154	0.2797935988494886	94	56
149	71	0.14628347746755532	32	36
148	131	0.5272781530198651	90	36
103	90	0.39503493546148316	26	38
84	43	0.12886536099446633	42	22
131	111	0.17566713411506119	36	63
68	128	0.15090938719993519	9	54
151	133	0.7077292764247592	91	19
127	75	0.6007814284904348	34	75
124	2	0.30158866297008446	29	60
131	100	0.9668698163696163	36	97
110	54	0.7238315578054922	11	46
72	148	0.05405243241064428	54	90
31	32	0.6844126162472142	21	39
72	29	0.7114079199803662	54	10
24	11	0.10858858910253066	40	82
142	43	0.6648389429059569	90	22
122	83	0.3241620079862294	17	1
120	99	0.3987689267387171	28	54
130	118	0.42757807779324	21	93
63	11	0.3831973840717242	2	82
102	122	0.1650109809560949	50	17
71	21	0.40204299776893937	36	42
73	114	0.3509184643469665	82	1
17	106	0.3876005272401849	80	47
59	44	0.19587734336352058	38	85
13	36	0.7707970151579387	99	85
127	87	0.19034130461835908	34	36
18	30	0.40631662681022096	44	75
136	82	0.4613116846897355	27	79
74	116	0.4650514192766452	83	30
122	157	0.752153479463767	17	79
19	11	0.7493178372502091	46	82
127	118	0.5791119341528785	34	93
122	96	0.8506896686893731	17	98
91	30	0.7877657537488539	39	75
96	110	0.9872831728891027	98	11
81	115	0.3086398266404895	86	65
10	125	0.7363300668265489	9	67
103	18	0.913017168017261	26	44
51	31	0.4033970626355081	16	21
3	64	0.9572153442279763	99	26
155	52	0.24288108621413673	83	89
45	101	0.35429662977605425	88	19
154	26	0.7105164155139899	56	94
58	39	0.5708451714291034	5	14
56	32	0.8661787757385756	29	39
149	24	0.8977593723950956	32	40
6	94	0.2085638839927303	87	9
57	60	0.13946886052369944	75	19
132	131	0.4635063248392799	46	36
120	45	0.3846154706353455	28	88
153	126	0.6067567955884781	30	10
135	99	0.06489480696941075	46	54
11	65	0.968558798558252	82	2
114	148	0.888437232366391	1	90
9	42	0.5341591398394708	46	20
57	46	0.7466086965856574	75	8
23	86	0.4185828815560514	34	99
41	33	0.011297118858465072	96	19
53	18	0.03187332654991104	81	44
78	140	0.523874229039668	56	79
132	93	0.10608070453706009	46	26
60	67	0.380368827815184	19	47
1	88	0.7603754552089946	7	49
114	27	0.732800329222664	1	79
37	152	0.3745402941939522	97	79
122	41	0.8783734627292368	17	96
79	131	0.2766945578529667	32	36
150	106	0.7877074734239209	39	47
145	81	0.4280588589457148	1	86
137	108	0.8817293833785989	30	7
131	89	0.5265937411692064	36	53
147	85	0.4926894208403665	74	42
