sp1	sp2	symp	area1	area2
100	109	0.8121328708267553	93	66
52	136	0.2009788374759357	63	51
136	117	0.8089284063213038	51	90
84	41	0.1089096849692337	74	100
44	156	0.042057658361680184	15	13
12	57	0.033695170217225456	26	63
145	119	0.2841474861962594	21	55
150	40	0.8424637293912989	54	42
84	94	0.08858156769378134	74	30
25	128	0.6318288998769177	66	59
130	108	0.6222230642876839	40	98
100	134	0.4850926848886248	93	14
55	118	0.057720697806413424	90	96
93	13	0.8067979251571811	83	60
132	46	0.7274204793570943	53	23
55	62	0.9075764156870085	90	100
4	36	0.9855057484654983	63	2
13	96	0.8817913856879449	60	31
75	31	0.6801875369531942	37	28
123	50	0.31147711366139785	10	2
94	13	0.6931793454071146	30	60
119	17	0.855820540952488	55	68
121	135	0.620215841969388	11	18
117	78	0.7119053560135803	90	44
11	70	0.4741535143522543	62	76
136	143	0.5583848839383181	51	96
52	49	0.5438426784037592	63	82
59	77	0.6252625500789382	50	72
66	17	0.8558920672562587	23	68
104	129	0.117505634770806	90	55
73	48	0.3679795034415956	33	44
126	121	0.47595601935566456	93	11
98	75	0.22533675293484468	82	37
155	66	0.038647561057100766	15	23
60	144	0.5671112086332838	83	43
117	83	0.2301649267074194	90	1
121	9	0.177477130167348	11	39
136	16	0.043835497961351666	51	50
97	85	0.9823662806915905	91	97
128	68	0.19495424778661752	59	41
33	11	0.26957882377350206	58	62
86	28	0.8634724456220747	65	36
129	84	0.5347264755899601	55	74
62	80	0.03976352558335661	100	9
137	48	0.519823137168403	20	44
123	113	0.7552906679993898	10	35
118	99	0.062412675354266645	96	70
155	25	0.8959364417151131	15	66
6	88	0.586499762653046	51	51
4	131	0.11338398511409697	63	55
61	104	0.38265612636097124	99	90
96	32	0.40436819243727007	31	17
69	142	0.8692620656509747	63	34
105	108	0.14429324951390787	65	98
116	43	0.6300089819347187	60	55
30	50	0.5631048919434541	59	2
20	28	0.20023739497739113	30	36
144	58	0.8803726698061373	43	81
132	50	0.49547329168101684	53	2
49	68	0.8330837272364884	82	41
74	6	0.6117936961578485	94	51
44	142	0.5664669969836743	15	34
38	22	0.9522324973806915	25	31
131	43	0.424413084346144	55	55
22	71	0.5122860121586107	31	6
134	119	0.5263520284586637	14	55
79	142	0.43196858932426097	72	34
4	51	0.18543677634520284	63	38
78	145	0.10685715157337528	44	21
120	21	0.4962937521512558	9	10
1	126	0.3293617154117079	16	93
14	77	0.08026356209702423	5	72
11	62	0.23071978286074013	62	100
75	77	0.15449841044227364	37	72
42	96	0.44309329176478396	77	31
101	143	0.11839432346825762	11	96
42	25	0.4082653630876918	77	66
43	5	0.9269237723691904	55	78
29	153	0.2745462522097213	92	35
55	66	0.2891610297450412	90	23
125	9	0.31990440481020976	80	39
48	98	0.015211044982095467	44	82
50	56	0.920197424738118	2	19
60	9	0.5771660610129657	83	39
110	57	0.7276378605921999	67	63
106	86	0.8756146005293876	51	65
45	69	0.5114107813047173	5	63
63	102	0.5386232654646513	49	80
123	122	0.2139382916327366	10	96
121	64	0.06512905503461919	11	68
80	129	0.6788393541596204	9	55
154	5	0.5144400607348508	46	78
23	57	0.5316959460485962	76	63
50	81	0.7018566025454539	2	93
26	42	0.5294592397393684	72	77
135	29	0.5886761539679376	18	92
127	2	0.3030787369209589	37	75
1	111	0.9628746689074494	16	36
94	129	0.5592646605187256	30	55
92	147	0.5341839317049099	84	38
12	125	0.9648876011694278	26	80
135	148	0.9112039658024607	18	55
72	135	0.2603388394342121	17	18
38	55	0.6010132551953999	25	90
154	74	0.5323814201460023	46	94
83	33	0.37577073269755956	1	58
87	34	0.9990608151919517	28	45
4	93	0.795807473851606	63	83
60	142	0.28413037328283686	83	34
68	18	0.923826718858176	41	98
43	83	0.5040954499484469	55	1
152	75	0.9834960629555188	81	37
152	101	0.4521534879867942	81	11
62	7	0.07419955774016951	100	28
134	61	0.2295212278207338	14	99
115	128	0.4623864067571868	69	59
60	141	0.48980952956868307	83	39
34	55	0.676107613705502	45	90
39	31	0.08702945916131588	28	28
121	112	0.9397188029630356	11	87
102	129	0.09566526944014586	80	55
99	129	0.858350562422271	70	55
146	60	0.477070433972721	98	83
98	37	0.45425501052745043	82	53
102	126	0.33482547940956753	80	93
58	32	0.3796111686511032	81	17
9	93	0.8796378128598215	39	83
108	51	0.2289824265905802	98	38
97	28	0.7070973781894153	91	36
114	149	0.5830187229795064	42	91
78	73	0.005018692674804703	44	33
82	153	0.7673362823663238	69	35
151	112	0.19462789182146734	61	87
19	27	0.9392397934476392	45	67
27	110	0.2826191762208756	67	67
26	92	0.2609441639123712	72	84
49	41	0.32592468460621393	82	100
129	21	0.5869106294507491	55	10
116	78	0.12531245380346512	60	44
156	14	0.052179958031358886	13	5
62	110	0.3947887586233543	100	67
108	106	0.6707963553891133	98	51
4	140	0.037371590430549606	63	69
140	66	0.7728762362787935	69	23
135	124	0.39226181847802366	18	79
150	122	0.8805405335708502	54	96
47	36	0.3420752280659135	64	2
35	66	0.9008572862506014	3	23
99	80	0.7906409197555313	70	9
101	59	0.7924521921622233	11	50
27	81	0.1308499110132023	67	93
80	20	0.5268296058200327	9	30
5	89	0.6826222658268309	78	53
152	111	0.20945119005836577	81	36
111	102	0.8474710592375317	36	80
40	35	0.046305325220880045	42	3
123	79	0.8693843713028283	10	72
133	114	0.284811763463495	98	42
5	104	0.01562770304964889	78	90
26	131	0.6491684867061919	72	55
88	73	0.22770608998595232	51	33
109	123	0.6569040643645386	66	10
87	152	0.8379088148290847	28	81
146	83	0.4192112773964116	98	1
155	107	0.5081381590778027	15	39
52	127	0.7680350186304581	63	37
135	157	0.7591191502058839	18	98
99	54	0.33698594448485175	70	14
139	108	0.14333888956171592	49	98
86	142	0.7647425846350356	65	34
38	69	0.6913852642186255	25	63
34	71	0.7901869204714833	45	6
25	9	0.9617961848193797	66	39
91	79	0.3591850920397405	22	72
47	30	0.46720431140507446	64	59
95	47	0.5517102093528445	31	64
5	85	0.3821189953478926	78	97
15	153	0.31026252241620544	41	35
139	21	0.5888679868144828	49	10
69	33	0.6201131465517036	63	58
144	128	0.40375497083320233	43	59
69	50	0.8890070538766645	63	2
20	120	0.3138267503541463	30	9
16	21	0.21821251588138868	50	10
156	78	0.19818276963781023	13	44
127	105	0.42577945192766986	37	65
150	155	0.6502915327370606	54	15
148	76	0.40820992647084864	55	13
109	6	0.7071707912188991	66	51
121	54	0.9031814140162707	11	14
101	9	0.2507663060828681	11	39
108	6	0.6044607505805772	98	51
129	23	0.7383447503307957	55	76
74	109	0.17154481848177927	94	66
101	113	0.9218025216597391	11	35
89	62	0.3566104682275403	53	100
138	93	0.043089942511818746	4	83
50	150	0.8181891704954016	2	54
138	18	0.26996827542955315	4	98
85	45	0.15555039208978372	97	5
52	118	0.6586396863890772	63	96
40	54	0.01839567042768786	42	14
81	20	0.8950864881089493	93	30
4	91	0.7487053408947109	63	22
40	108	0.6028808441128506	42	98
10	130	0.7589128146153431	98	40
9	60	0.8766963912353032	39	83
132	64	0.37446955743901855	53	68
79	102	0.16648820209865867	72	80
157	111	0.6327574737501985	98	36
56	73	0.8004971777300246	19	33
20	132	0.08543233441198839	30	53
29	107	0.5472124564326561	92	39
44	153	0.8456061716630376	15	35
135	88	0.5765640090296663	18	51
87	40	0.38031706079912064	28	42
62	78	0.7908778903226744	100	44
85	146	0.7655394740527457	97	98
74	73	0.9053731580303168	94	33
98	3	0.49436817764131025	82	22
137	133	0.37927457561709055	20	98
40	133	0.9266794720399543	42	98
44	109	0.2898736255102271	15	66
34	98	0.7677264091962515	45	82
75	34	0.13397011927522606	37	45
17	138	0.4831553778887685	68	4
120	4	0.17608119869225758	9	63
148	41	0.012926244651302987	55	100
74	129	0.4521811873546423	94	55
108	75	0.4848295185637288	98	37
100	89	0.48516070119736254	93	53
23	135	0.5183553391364484	76	18
101	140	0.24688926087438934	11	69
96	132	0.5203327553373186	31	53
133	29	0.6410681675618447	98	92
42	10	0.6157456012942548	77	98
157	64	0.14332283941397483	98	68
65	41	0.5787645027799483	39	100
18	149	0.9850289180465679	98	91
2	28	0.809004050060289	75	36
36	113	0.18319402336861967	2	35
79	88	0.20023824037256988	72	51
77	41	0.5599522710378344	72	100
58	72	0.8623638640614935	81	17
93	124	0.9001602924939445	83	79
7	27	0.6297202837717485	28	67
114	73	0.4391446699004219	42	33
38	99	0.6877125844997432	25	70
90	75	0.2923036480024742	49	37
77	141	0.7377626095170002	72	39
56	57	0.9655915976210366	19	63
8	111	0.6280852984988683	97	36
72	153	0.9447837040753816	17	35
143	114	0.201740430490021	96	42
78	143	0.772866554969547	44	96
104	40	0.5642386953452575	90	42
139	133	0.8459094496965877	49	98
24	35	0.24933869752384463	58	3
143	106	0.6339992515979561	96	51
106	4	0.9192271671512604	51	63
135	109	0.8160287334005725	18	66
11	153	0.7670673337072024	62	35
117	49	0.7213205868321988	90	82
11	121	0.6559289645436129	62	11
106	147	0.3039231841262793	51	38
115	31	0.872269787096524	69	28
14	20	0.6431232516701798	5	30
64	122	0.6513996395942729	68	96
41	69	0.19753612814562993	100	63
53	120	0.7616383718643615	91	9
25	42	0.1904475660001248	66	77
93	123	0.8489936685433982	83	10
112	27	0.2842626338323546	87	67
44	106	0.97005437366494	15	51
5	35	0.43570151763690745	78	3
148	50	0.3659645792926268	55	2
83	75	0.6382319620834253	1	37
136	3	0.6735487152874386	51	22
48	49	0.8719768890566185	44	82
116	136	0.6165083503209636	60	51
110	27	0.8603415241973801	67	67
155	77	0.05870024007085184	15	72
136	87	0.3441370500347809	51	28
69	141	0.6778184762160684	63	39
5	66	0.3356936864017217	78	23
17	32	0.9630382713590149	68	17
98	87	0.1552665263475338	82	28
72	86	0.6143083955510683	17	65
139	9	0.7929224048154709	49	39
60	61	0.8243779253342667	83	99
91	59	0.4377257393447753	22	50
77	16	0.395777950796669	72	50
103	30	0.04006864504787844	91	59
128	90	0.42669416020487827	59	49
144	10	0.7145719491053626	43	98
58	66	0.6543646779496562	81	23
88	11	0.8640319438006271	51	62
64	116	0.6774390126233242	68	60
20	121	0.5007007989907619	30	11
108	20	0.8998977078092146	98	30
140	94	0.4234478458233587	69	30
1	12	0.24505315928063964	16	26
100	29	0.0642314641149545	93	92
101	87	0.9795669869915636	11	28
60	31	0.3698647871108469	83	28
7	11	0.8951352163293664	28	62
20	94	0.3385324893298325	30	30
150	21	0.9911290943878752	54	10
130	128	0.8041075063723981	40	59
42	113	0.6366705140591217	77	35
113	68	0.45514278820112897	35	41
15	47	0.434217553501659	41	64
143	69	0.06386857665879109	96	63
40	54	0.35661984550008063	42	14
55	56	0.22636734734201358	90	19
32	141	0.6098980123320201	17	39
11	111	0.5319385456842328	62	36
115	90	0.04624127092358088	69	49
146	142	0.25527797072529224	98	34
7	89	0.9983661131722963	28	53
134	44	0.6575230616215181	14	15
90	20	0.16516843537273151	49	30
66	80	0.006397766791037984	23	9
122	126	0.027745013381107797	96	93
58	19	0.0041071382303725645	81	45
130	54	0.4594282947434486	40	14
47	85	0.26245975917745856	64	97
108	23	0.867431452247765	98	76
18	54	0.16341139550410222	98	14
142	84	0.4931677823609212	34	74
65	91	0.6180318693648136	39	22
116	67	0.7816184643935831	60	87
72	33	0.9005288287331196	17	58
41	63	0.5741599854870705	100	49
62	89	0.3956987801330115	100	53
98	138	0.9344138570230239	82	4
108	35	0.04092927694260229	98	3
105	81	0.28553199444170585	65	93
134	124	0.2223538013523355	14	79
54	30	0.47306685855306074	14	59
24	34	0.4512907092498193	58	45
111	54	0.5921142589517884	36	14
133	17	0.2939159246670362	98	68
138	40	0.05044773174118167	4	42
143	94	0.1569361193668788	96	30
27	70	0.8384092205767842	67	76
59	101	0.4030230813136727	50	11
34	72	0.16123961166463374	45	17
38	106	0.7713412988182852	25	51
69	140	0.5125057653826395	63	69
58	29	0.25227867019353645	81	92
43	7	0.2580690736700205	55	28
93	117	0.68834657364958	83	90
101	43	0.9946380674592473	11	55
77	67	0.6106034995909273	72	87
7	122	0.4453200133771372	28	96
27	121	0.6794601903829409	67	11
43	75	0.38907056251356975	55	37
109	135	0.989562538663418	66	18
53	123	0.8799485826164577	91	10
45	77	0.6513301670120751	5	72
54	118	0.036327471581471205	14	96
155	68	0.47533246864975676	15	41
134	152	0.6666434471529964	14	81
54	90	0.5829569564352003	14	49
9	45	0.7745523561728996	39	5
9	124	0.6487812305723635	39	79
8	142	0.7001549502341272	97	34
16	91	0.46596788174481873	50	22
130	123	0.21402251910901515	40	10
19	11	0.1438762377368662	45	62
122	19	0.45235027113898907	96	45
29	150	0.2688951662409601	92	54
121	82	0.19867598726823532	11	69
120	24	0.34390660408092366	9	58
94	97	0.05234173430091127	30	91
