sp1	sp2	symp	area1	area2
154	29	0.3383542807279645	99	23
110	53	0.5047109425360481	3	31
97	39	0.614772666712517	34	76
96	123	0.177991340856835	1	73
52	28	0.005104388077669886	14	15
24	5	0.9051617061050861	78	93
44	45	0.48771244791917634	58	51
133	50	0.6853253888314608	3	91
27	156	0.005493258234518739	16	23
13	134	0.38436068339909635	87	87
92	18	0.21283141856127208	44	16
13	127	0.160127054471644	87	64
26	116	0.9336895746786463	22	41
135	131	0.03867079077806301	15	4
18	81	0.7643992943261355	16	32
114	22	0.3802484566027262	78	69
13	42	0.2787381263389632	87	28
102	133	0.0844633099628257	98	3
90	118	0.05318967524814078	90	12
99	98	0.3042443713006734	91	2
57	152	0.9038858713701093	51	47
36	58	0.3519828422148382	85	75
2	144	0.008998313464021135	78	83
142	96	0.6182622866757234	60	1
145	78	0.5336443833998867	10	83
129	126	0.8612067679444518	62	61
144	60	0.7575667059964598	83	9
105	127	0.346039599071988	8	64
56	75	0.1009623474614566	5	32
81	95	0.2301837592430661	32	4
25	114	0.6392751774819245	17	78
87	62	0.753218064150844	10	57
36	62	0.49271288675949876	85	57
13	137	0.6967724471761501	87	14
50	8	0.050480350278550024	91	17
40	45	0.523957862704768	36	51
23	37	0.2724784681561281	67	17
134	71	0.3673376177966249	87	47
52	13	0.29830579228263754	14	87
144	29	0.429225203196555	83	23
109	1	0.5903785385701259	35	18
25	78	0.24209152288798141	17	83
109	13	0.9526355413024248	35	87
77	98	0.4039570385961051	7	2
54	68	0.16313980299743847	79	93
145	56	0.9830635879095841	10	5
33	110	0.0992466176379353	45	3
149	80	0.7741868480264227	95	29
26	41	0.07522099179715092	22	28
90	56	0.5951628931990302	90	5
126	148	0.8931153957381991	61	50
50	144	0.8097141709672985	91	83
145	42	0.9246620923683758	10	28
26	44	0.31421942419648063	22	58
28	36	0.7221781761792809	15	85
98	87	0.20489875258703305	2	10
152	36	0.36134222634289226	47	85
23	103	0.10087442296123439	67	24
24	52	0.2648255261035334	78	14
19	60	0.17660700464550094	15	9
20	147	0.8301502605239569	30	89
64	37	0.7999281011935147	51	17
20	8	0.4503307185081584	30	17
13	41	0.3136148950912452	87	28
140	121	0.4400805536141754	52	45
101	25	0.592326862950594	39	17
75	52	0.9918420746003137	32	14
110	145	0.21096883195546023	3	10
41	123	0.8651673287544582	28	73
3	128	0.8595272320083347	18	27
63	136	0.5972067712490406	56	99
100	112	0.48635073659810113	41	86
18	42	0.1243019795667114	16	28
62	6	0.20060076559151163	57	43
50	61	0.4774357954768419	91	11
99	108	0.1544064233386121	91	52
22	59	0.47832880676627776	69	32
56	95	0.7222464615823518	5	4
119	130	0.70233921596893	84	58
149	77	0.32169881686295043	95	7
34	156	0.6843467081386075	47	23
71	16	0.8651663506257817	47	54
134	35	0.4909377512363241	87	93
143	15	0.49494035688949134	65	2
153	32	0.7521488093889905	52	26
136	89	0.2544578778717774	99	92
6	18	0.46803032294541	43	16
133	38	0.43374928071330443	3	91
40	126	0.35796122275868725	36	61
51	62	0.26922381992484934	90	57
98	148	0.1654683964139234	2	50
155	104	0.14951781620816917	97	84
69	135	0.908735072354634	14	15
128	148	0.9647718459494263	27	50
20	50	0.2517018904258117	30	91
101	54	0.18809883203506284	39	79
16	87	0.9567052299779814	54	10
113	94	0.34870774148228656	77	21
44	13	0.1898732185236809	58	87
48	41	0.07758123831523067	88	28
68	108	0.7634691550814139	93	52
71	153	0.7460847591819915	47	52
131	73	0.02926188224127879	4	17
23	95	0.16387540608514028	67	4
101	122	0.7057607324332197	39	43
19	9	0.7906457455884018	15	62
104	26	0.3606528728916931	84	22
114	89	0.531860484295453	78	92
20	7	0.23852210115183436	30	31
34	115	0.19009688283853632	47	65
112	71	0.5836537630011419	86	47
120	6	0.7053572797697959	3	43
145	89	0.13847458674651747	10	92
29	126	0.7057767508267913	23	61
36	136	0.5336284830169882	85	99
121	36	0.28614048570589123	45	85
69	46	0.34105578595397734	14	47
33	87	0.868043802857378	45	10
133	14	0.38729855130825286	3	75
91	154	0.3733096790143038	81	99
11	23	0.765398171052736	75	67
8	154	0.6599911785448396	17	99
82	101	0.18592870002267736	13	39
78	20	0.33069108772041567	83	30
138	154	0.6370515668473767	46	99
74	57	0.9855157361030601	44	51
115	101	0.6835004505255814	65	39
49	53	0.01655206493380257	71	31
35	12	0.524239888520647	93	22
56	135	0.693500177248174	5	15
59	13	0.9256574768644215	32	87
39	54	0.9621787047814662	76	79
74	4	0.551054688752552	44	23
52	17	0.20109879698831323	14	92
150	93	0.4733649990997705	52	18
128	33	0.48615168022965916	27	45
91	31	0.7431460060258099	81	16
153	59	0.811870580575968	52	32
63	152	0.9869301651548867	56	47
156	102	0.39557306976755136	23	98
83	12	0.15690751903944333	7	22
94	18	0.38737542985182316	21	16
69	109	0.8017872488828399	14	35
133	111	0.7803730194178018	3	28
32	59	0.6379402049671342	26	32
5	25	0.4491598593043624	93	17
114	21	0.6499782215777384	78	42
134	152	0.8614646719545406	87	47
140	55	0.20416287263303	52	75
75	9	0.7758248612796941	32	62
107	17	0.5710092278632175	10	92
106	94	0.3431214270173444	29	21
64	136	0.969403395630249	51	99
48	76	0.78063823992475	88	11
92	43	0.7803231033825164	44	23
139	73	0.21035217761974867	83	17
10	53	0.6852254817359993	54	31
146	98	0.8690089773203868	23	2
45	69	0.9621545394415553	51	14
49	50	0.43915094285337386	71	91
147	3	0.233503213439341	89	18
51	92	0.8185222229953348	90	44
21	73	0.9304198215644439	42	17
6	72	0.07847145837127623	43	78
132	79	0.22284078546733033	60	47
13	71	0.07371755753813725	87	47
131	144	0.8367665794189807	4	83
139	44	0.6100022008008393	83	58
99	91	0.012815285484680472	91	81
80	124	0.5313831908998777	29	30
142	136	0.003737885442145039	60	99
138	25	0.7003003191472958	46	17
33	50	0.28840904549342905	45	91
59	17	0.826441014605508	32	92
84	42	0.2763766886672875	40	28
101	157	0.40560514389887514	39	22
125	21	0.7609918860641848	79	42
138	70	0.6051532399492298	46	36
70	93	0.32404555678811275	36	18
25	114	0.8425917869750696	17	78
79	138	0.7140292403759385	47	46
14	55	0.5931207161847949	75	75
8	89	0.755532886420273	17	92
151	11	0.370944154868487	23	75
64	59	0.9767573467105123	51	32
156	110	0.1467879691583216	23	3
135	25	0.5153024479212946	15	17
74	143	0.04818890227100381	44	65
10	8	0.46260924404733617	54	17
1	100	0.9851097699208896	18	41
99	153	0.3639654283417847	91	52
75	58	0.9090387571348254	32	75
2	22	0.5604277168061019	78	69
22	21	0.9562318695591321	69	42
153	43	0.7799184297625578	52	23
79	19	0.6204565536702058	47	15
86	112	0.57695941658708	28	86
5	117	0.8675878542007346	93	27
92	110	0.5764398071804353	44	3
50	27	0.8694173560974551	91	16
81	148	0.5332037104660503	32	50
16	78	0.652729694540543	54	83
87	10	0.3756550268420261	10	54
128	115	0.18317245494164447	27	65
19	110	0.22451120678878778	15	3
74	21	0.001256365836019957	44	42
67	10	0.02672670132264432	42	54
57	12	0.9142507225659898	51	22
55	77	0.020495292980791557	75	7
8	47	0.047460395501452646	17	4
122	150	0.2210001643484487	43	52
115	99	0.7874025927204932	65	91
2	51	0.9447484057976356	78	90
3	19	0.05434625612279809	18	15
127	33	0.2612613484258063	64	45
142	22	0.2563175475229007	60	69
108	95	0.8460533848082468	52	4
17	131	0.6582689629085566	92	4
54	133	0.9119285617571778	79	3
95	145	0.2016163977526697	4	10
47	40	0.047067241283977324	4	36
25	17	0.21990926915996867	17	92
133	79	0.8371349197518221	3	47
96	134	0.25250964243510565	1	87
141	46	0.10308168562690789	10	47
111	102	0.8035806124948035	28	98
65	17	0.348775201718191	14	92
33	29	0.19319695715085983	45	23
106	64	0.6724297376610588	29	51
129	94	0.09154246345274952	62	21
95	148	0.5168124968694088	4	50
2	74	0.05117660464521012	78	44
138	142	0.2742701867078463	46	60
31	41	0.47279707725982145	16	28
26	101	0.7044097098428127	22	39
22	155	0.3610944334757181	69	97
118	33	0.7876413466354198	12	45
144	105	0.3267260710048284	83	8
68	135	0.3558294196466709	93	15
58	103	0.8043900488998469	75	24
117	156	0.6193970351098641	27	23
53	66	0.9664143919257373	31	52
56	1	0.22773220321302357	5	18
81	96	0.4430811796651649	32	1
6	53	0.21437212192920818	43	31
123	36	0.288129407091847	73	85
28	99	0.9331918978898478	15	91
152	58	0.7426003922152713	47	75
71	144	0.40844332482530965	47	83
2	125	0.08784658184715854	78	79
98	79	0.7450521329352332	2	47
49	155	0.5405889008007331	71	97
5	138	0.2846693479278244	93	46
39	156	0.6333630969039896	76	23
72	31	0.4269943578602563	78	16
1	74	0.4503923821278836	18	44
149	121	0.7833025572231604	95	45
62	76	0.45263781257860936	57	11
84	40	0.09932679527646482	40	36
100	133	0.8071631250818898	41	3
146	109	0.5287679543860524	23	35
60	78	0.5044278091311889	9	83
98	35	0.9235537901358226	2	93
59	151	0.7885829716325867	32	23
88	134	0.8658523461687728	87	87
59	132	0.029557090688903553	32	60
14	19	0.5434986237524971	75	15
31	58	0.7297483524531367	16	75
154	142	0.23753009401554004	99	60
74	31	0.2122410673329207	44	16
33	58	0.9627251067200328	45	75
57	97	0.5845882442759601	51	34
14	133	0.8743798957408964	75	3
50	154	0.9317926086477261	91	99
104	47	0.5555495227776996	84	4
36	15	0.45598638265001856	85	2
131	42	0.529073484733019	4	28
49	21	0.14920207355686865	71	42
107	154	0.8197318555532813	10	99
94	139	0.28076599441341077	21	83
136	85	0.00039086767352791707	99	78
123	128	0.25176268750407116	73	27
10	19	0.3033144556936962	54	15
150	95	0.055021630039579716	52	4
42	3	0.3713477844466895	28	18
95	97	0.32352737418892386	4	34
151	23	0.29503121709457136	23	67
115	94	0.6938143010624731	65	21
118	106	0.21998516034949178	12	29
36	44	0.4712015194399465	85	58
97	156	0.8928264553317931	34	23
7	73	0.8394039965886265	31	17
129	48	0.9773011442143497	62	88
31	12	0.8444786453076548	16	22
16	133	0.7934551065667583	54	3
94	6	0.8227147509894251	21	43
152	123	0.189535306152542	47	73
141	139	0.8396187953388592	10	83
118	146	0.4357428492321743	12	23
70	50	0.546218704694239	36	91
1	80	0.5052620168648739	18	29
148	145	0.3226584535717226	50	10
137	8	0.6266185000523873	14	17
22	23	0.6895263565543513	69	67
140	82	0.5402136591908506	52	13
35	39	0.996745259538988	93	76
1	2	0.703368997921167	18	78
18	106	0.8499012091644178	16	29
126	72	0.5146564396495238	61	78
104	150	0.056853960305548235	84	52
116	152	0.5367682708634632	41	47
91	94	0.03753379466971818	81	21
146	58	0.8222494808979603	23	75
88	15	0.7999820564542631	87	2
78	15	0.30768535400439234	83	2
67	9	0.12237140144235537	42	62
124	73	0.19124487400724755	30	17
16	2	0.3834113899811301	54	78
19	111	0.016188784012503454	15	28
57	50	0.35260123684689415	51	91
153	141	0.09870522435485485	52	10
144	153	0.008157765032156039	83	52
82	99	0.8292581383275327	13	91
116	97	0.09982516161485422	41	34
132	122	0.7139606086028212	60	43
45	94	0.43609308998460217	51	21
23	92	0.9355973085170485	67	44
53	9	0.42534220310244497	31	62
11	128	0.6481056363020703	75	27
147	12	0.33735468969268423	89	22
130	107	0.8340781962301252	58	10
84	63	0.3916984270431031	40	56
86	62	0.6018293913831815	28	57
80	41	0.6758923422639943	29	28
151	92	0.6665443013504367	23	44
3	17	0.8304616868131912	18	92
17	145	0.6147584064125143	92	10
119	134	0.6509587892238491	84	87
86	126	0.04233104290423606	28	61
77	111	0.4272428225325836	7	28
151	6	0.6993736559252776	23	43
34	42	0.5262971075201713	47	28
44	112	0.7673051713438552	58	86
149	61	0.8175091211214349	95	11
11	141	0.2738555616111522	75	10
83	66	0.403808127022099	7	52
34	126	0.44207514465047926	47	61
76	68	0.8371088447976966	11	93
105	103	0.41190735745965334	8	24
55	80	0.6881115781130249	75	29
129	142	0.43744396238721917	62	60
127	12	0.7876028423592686	64	22
53	153	0.8826830507166104	31	52
106	8	0.8254046193213994	29	17
26	72	0.2745217088587105	22	78
134	115	0.3697618268127858	87	65
10	99	0.04230503831620158	54	91
146	31	0.987645244957528	23	16
23	110	0.2247600166834246	67	3
94	38	0.35200921087165116	21	91
56	58	0.7803948300843309	5	75
133	57	0.09949106881017489	3	51
140	53	0.7215648744989704	52	31
11	68	0.3347737865955378	75	93
71	53	0.35572478078067304	47	31
108	151	0.3303980516769136	52	23
119	15	0.08721477214022821	84	2
147	51	0.6970129803415271	89	90
130	5	0.9093753502383556	58	93
88	122	0.18542915064963938	87	43
117	77	0.006680671154808082	27	7
94	42	0.6698553705605861	21	28
58	57	0.18634529960508273	75	51
18	123	0.7055527362430011	16	73
103	41	0.6408537707236543	24	28
135	92	0.16321865976766925	15	44
