sp1	sp2	symp	area1	area2
26	93	0.24676391093458117	8	17
7	121	0.3906293723572497	87	92
114	25	0.5878491374741577	9	53
53	69	0.9254271096001951	31	13
139	86	0.47758316687882396	41	63
146	147	0.2650763938434296	35	46
72	43	0.6784248695187015	50	91
102	92	0.01868995341659685	54	12
23	28	0.6530513429308852	85	16
30	126	0.5353771674602696	54	73
34	89	0.5396694478889528	13	77
14	101	0.6005877196699388	68	22
138	4	0.7026218874712967	33	95
47	15	0.44895101427934825	50	92
83	105	0.18869128515585654	35	37
109	6	0.5071873276667317	23	83
115	3	0.5098529364545703	53	88
136	94	0.3472171718551682	68	24
151	121	0.9990258031837761	10	92
32	131	0.7180433539641984	23	20
12	72	0.27560284998526263	37	50
73	24	0.9193000277962521	25	69
41	43	0.435046454918532	90	91
17	6	0.8603139376773533	47	83
46	126	0.40445581606113823	18	73
4	64	0.591967870193773	95	1
111	48	0.9496267476881919	99	9
42	31	0.9101708293382674	78	40
109	67	0.20299654266889455	23	5
41	146	0.9859849483658797	90	35
11	105	0.4392511064962997	54	37
90	2	0.7006391860185355	3	57
103	119	0.7917115929082849	9	10
54	60	0.6372442140406068	34	54
128	109	0.5791299130094552	46	23
61	132	0.16797448296451523	4	94
98	112	0.7450537297932134	79	95
110	141	0.077329462406449	32	12
71	155	0.5071937211364141	59	87
82	64	0.7849454947861324	71	1
130	150	0.43217950495269697	46	69
113	87	0.5714349241363306	92	50
128	120	0.876658215179877	46	80
76	91	0.5271603081753199	48	21
67	15	0.57175615812357	5	92
73	53	0.18944202766449414	25	31
65	157	0.7352787154242376	94	93
145	43	0.8986163896260366	98	91
113	108	0.10094266991997891	92	79
75	156	0.3302885103017805	29	23
61	82	0.22188822323656598	4	71
78	47	0.7777448506175711	2	50
82	144	0.07112495222385529	71	81
73	48	0.91466580632084	25	9
103	67	0.22516558710294632	9	5
141	80	0.1706873467195047	12	77
135	123	0.6466482111314911	64	3
70	152	0.8241950019981745	39	27
142	87	0.2277559165136297	83	50
128	51	0.6912994249321011	46	24
62	117	0.6998995662554993	86	40
134	91	0.6209256155836399	36	21
58	50	0.06811533929832925	55	37
61	137	0.12708816257805944	4	7
12	10	0.9009636503798119	37	96
33	19	0.22708063690387414	38	82
103	34	0.5547360514853321	9	13
75	31	0.599553517244098	29	40
69	95	0.6942985382000555	13	72
130	31	0.4538986989796884	46	40
80	19	0.8984578258361466	77	82
138	133	0.7580372762691301	33	11
100	40	0.3130530046399267	97	61
22	49	0.9061101954459688	89	61
105	103	0.22817570175916468	37	9
73	145	0.34743126745842645	25	98
90	38	0.47595563113026207	3	7
81	26	0.09574018421608155	40	8
26	108	0.1326339911048977	8	79
22	148	0.4730995303708009	89	74
115	36	0.301447277267505	53	19
16	66	0.6650669028779898	83	62
67	42	0.37830520356977626	5	78
154	121	0.35607188565398395	45	92
30	55	0.13871506360404007	54	87
110	54	0.7839415345925879	32	34
30	141	0.10057968364967751	54	12
79	123	0.360887437277415	94	3
33	9	0.4411965415189224	38	11
112	150	0.46007829013319146	95	69
121	156	0.3727921470711091	92	23
24	148	0.11620717072381459	69	74
45	147	0.13266488229486195	31	46
5	18	0.14440253277855553	37	20
100	79	0.34842921521650305	97	94
124	39	0.5909738699284155	73	21
85	2	0.7732199025496507	57	57
128	39	0.7788638004255153	46	21
96	64	0.2577233243008852	6	1
109	81	0.32347049398862393	23	40
99	29	0.9815784188527853	34	49
103	107	0.8731619015618577	9	6
59	3	0.8930054845620092	5	88
43	143	0.8262366846925251	91	98
103	65	0.779057864888077	9	94
34	26	0.5352052226428372	13	8
107	130	0.019772862662241764	6	46
11	154	0.2289037604952584	54	45
43	4	0.22654879252432203	91	95
18	141	0.2898964183833249	20	12
57	46	0.03873867109627771	7	18
55	127	0.2739203958420158	87	86
43	3	0.2503314293805301	91	88
21	124	0.45971082987314726	83	73
19	126	0.9719390532777931	82	73
132	141	0.19847705733415166	94	12
141	23	0.48106398510158677	12	85
24	5	0.17243285762868787	69	37
34	30	0.8208815983596701	13	54
154	114	0.6605023082044346	45	9
100	106	0.21301173396575035	97	65
156	103	0.14181513806840063	23	9
153	44	0.9194870156775761	92	93
114	151	0.9861315427802387	9	10
99	156	0.8231249451130032	34	23
31	84	0.6318615206605608	40	94
3	63	0.893964616208993	88	33
156	90	0.1667734673146648	23	3
106	35	0.784244472662937	65	77
3	67	0.6970258485489438	88	5
93	86	0.44132820245439386	17	63
60	135	0.2508703989443868	54	64
130	138	0.8820872111327375	46	33
57	131	0.08020733490148169	7	20
1	82	0.042475422671716445	21	71
68	42	0.6311944281725279	33	78
134	15	0.7550203149615541	36	92
71	25	0.36861989389544336	59	53
38	7	0.13419729812983783	7	87
147	35	0.4869602255232024	46	77
3	99	0.7927657046485161	88	34
61	128	0.8644828915551251	4	46
41	153	0.016324677935163456	90	92
140	37	0.3818779767138225	38	17
109	108	0.3129229015353925	23	79
22	38	0.3572409303238454	89	7
1	126	0.22127085440111915	21	73
33	96	0.5120957291395785	38	6
146	85	0.21558347669196654	35	57
5	52	0.4504873470838878	37	28
28	72	0.819667518449386	16	50
89	22	0.7714436370649402	77	89
152	131	0.26750810549736637	27	20
130	4	0.6190237680957492	46	95
72	41	0.7520000913508997	50	90
45	120	0.7200415279278362	31	80
127	105	0.6703838366590525	86	37
148	151	0.6977227121321842	74	10
91	105	0.7317666111185894	21	37
38	156	0.8255011677349839	7	23
84	73	0.4695365459409123	94	25
152	73	0.11153654846585648	27	25
52	80	0.8889948532086324	28	77
96	113	0.6038714630720273	6	92
145	11	0.3609430586958864	98	54
22	93	0.20713492812324197	89	17
116	152	0.8626477729446913	90	27
110	143	0.7759139325573126	32	98
89	3	0.638457746190529	77	88
98	136	0.8076409803452582	79	68
3	81	0.6688470343490799	88	40
11	123	0.3135055529012134	54	3
129	151	0.10189457781836819	39	10
54	44	0.2995375084333892	34	93
34	16	0.025207233140938423	13	83
48	24	0.18444830978527116	9	69
50	155	0.9424491345796611	37	87
108	123	0.8084608436984652	79	3
108	142	0.38377277887142536	79	83
141	136	0.3455713842647413	12	68
107	55	0.6764558728835458	6	87
128	9	0.34997568968033765	46	11
74	79	0.10054333724728337	38	94
145	68	0.4304803565991716	98	33
62	119	0.5913622252597966	86	10
18	117	0.5242884027744527	20	40
108	76	0.6114904870769802	79	48
87	153	0.2000200717288263	50	92
147	7	0.894653734677461	46	87
100	48	0.05638209185645637	97	9
124	118	0.681724206706584	73	77
75	54	0.05016961497856465	29	34
148	68	0.9373093025790733	74	33
122	10	0.4383202075047886	54	96
150	18	0.1970861535439854	69	20
5	138	0.2264945814213989	37	33
123	121	0.09861459258170191	3	92
80	16	0.5076073163197538	77	83
62	102	0.3212169292793601	86	54
79	32	0.8401662056248409	94	23
113	41	0.7435378157730027	92	90
35	49	0.5944804328015331	77	61
42	72	0.9911924878624582	78	50
112	89	0.5803688942754991	95	77
131	31	0.6802548381238451	20	40
116	91	0.789658817106003	90	21
14	65	0.9063650010895705	68	94
20	57	0.06231025080766672	98	7
66	77	0.21868127607454635	62	24
148	90	0.45111660040874413	74	3
153	106	0.45794132345395955	92	65
78	151	0.48436458239529023	2	10
100	41	0.9210380959291137	97	90
105	38	0.47777730931347084	37	7
116	43	0.3773813282693276	90	91
140	96	0.6714990464135289	38	6
150	137	0.2600002346586593	69	7
133	85	0.2738426809438943	11	57
93	142	0.8635770087771952	17	83
76	29	0.511210580691139	48	49
78	27	0.4166884366436818	2	14
89	68	0.38023802492758285	77	33
43	120	0.24785621535886404	91	80
41	40	0.3224625075915081	90	61
51	80	0.7831378412066041	24	77
137	58	0.34661889732641615	7	55
58	56	0.308697775642792	55	86
2	33	0.9001825076796716	57	38
135	129	0.48063658590306857	64	39
47	105	0.8173755845852084	50	37
30	38	0.5784725727408836	54	7
15	132	0.6570218742862314	92	94
102	60	0.2869365400784457	54	54
65	147	0.22435493459744615	94	46
77	22	0.41145092340391065	24	89
156	6	0.45271962217832074	23	83
24	35	0.47660890135002176	69	77
94	39	0.4417880922904911	24	21
38	132	0.9711312502078284	7	94
75	72	0.4355167094079797	29	50
94	140	0.6935317877862036	24	38
39	88	0.086639778446568	21	74
90	101	0.3141236041752776	3	22
76	105	0.6889007060120524	48	37
120	128	0.12297411525580926	80	46
71	64	0.36740792935044186	59	1
132	54	0.9542203081052226	94	34
34	132	0.27588222014327113	13	94
48	101	0.9068003303424236	9	22
155	48	0.6122257874306535	87	9
153	120	0.5489636266944925	92	80
130	47	0.4937500174044901	46	50
120	54	0.24435434384748944	80	34
106	55	0.7095309523884279	65	87
3	7	0.03279871069438722	88	87
28	35	0.3176546772463429	16	77
68	46	0.993957131076081	33	18
25	21	0.490551574427196	53	83
85	137	0.05536395158346852	57	7
156	10	0.4683191209729908	23	96
1	140	0.6985818461622523	21	38
101	88	0.6417051290334579	22	74
152	86	0.31883656863735443	27	63
121	69	0.4770964972424987	92	13
145	56	0.6670028787319535	98	86
64	15	0.2811795228707621	1	92
144	119	0.7962657375957483	81	10
66	2	0.9779547135289584	62	57
150	55	0.2683344669652966	69	87
30	105	0.8082011155371325	54	37
136	91	0.35103093116305606	68	21
127	1	0.05697840059929571	86	21
100	45	0.8802956194845032	97	31
68	145	0.23621249865253735	33	98
16	69	0.39022548518715106	83	13
83	35	0.7685091322782122	35	77
141	28	0.9180706073246168	12	16
144	85	0.2079476665113692	81	57
130	18	0.5707989410876483	46	20
99	70	0.7200689088030784	34	39
43	124	0.8395866722700622	91	73
56	99	0.4933748944638071	86	34
134	112	0.8056340235578476	36	95
44	11	0.3571204240705049	93	54
75	98	0.14272586168598878	29	79
2	30	0.24358004589269333	57	54
16	91	0.17717289196014152	83	21
57	8	0.5162030188329663	7	66
28	26	0.5462816682046452	16	8
41	84	0.4389170717437738	90	94
47	57	0.609370808199503	50	7
25	95	0.5316980661854142	53	72
7	154	0.4693587792434256	87	45
145	77	0.923460352905557	98	24
7	82	0.17420554753431927	87	71
117	109	0.9643450594671447	40	23
56	88	0.6382687369661448	86	74
70	36	0.005378830319562766	39	19
153	115	0.7162464392477135	92	53
129	93	0.48498865426648075	39	17
20	22	0.7937939546806324	98	89
76	73	0.2348423460947595	48	25
58	118	0.6124921720353768	55	77
4	18	0.1986125444025768	95	20
14	41	0.555574701280663	68	90
136	95	0.9541317590857624	68	72
90	79	0.10982388046076519	3	94
114	88	0.9421355025935085	9	74
26	33	0.015976118648378446	8	38
58	82	0.8909131595617583	55	71
47	2	0.4156383464276884	50	57
10	93	0.6544042519471066	96	17
17	130	0.22603871146319576	47	46
1	101	0.13218413279971675	21	22
131	151	0.40446355417930746	20	10
124	3	0.936890785957281	73	88
54	82	0.04184976797547413	34	71
76	25	0.23712267871596882	48	53
20	9	0.2789226094208046	98	11
144	48	0.7445562759040231	81	9
83	7	0.18898661677606465	35	87
134	6	0.23065089951757278	36	83
80	33	0.18542752075511082	77	38
33	146	0.03279783529822966	38	35
131	91	0.14957667136246877	20	21
117	90	0.9590463270398779	40	3
17	16	0.8914037548318477	47	83
14	145	0.8680161004323773	68	98
65	89	0.7344843651478455	94	77
68	131	0.8778140369353871	33	20
18	30	0.8314092642099314	20	54
153	97	0.7972648010552966	92	82
64	38	0.6794856768125315	1	7
55	148	0.47432337618818887	87	74
80	94	0.1364473715097625	77	24
14	147	0.8566528142511464	68	46
134	42	0.5626760038751757	36	78
4	50	0.4638651954148393	95	37
125	96	0.010937368505841039	68	6
95	12	0.22903574869110832	72	37
152	87	0.3593972183148766	27	50
149	100	0.4796415570278554	30	97
44	120	0.35540596845850614	93	80
87	70	0.21340380658597025	50	39
48	103	0.18214852954755134	9	9
13	60	0.02241964904515692	18	54
90	23	0.9920387272844549	3	85
54	72	0.1681628213584665	34	50
58	82	0.3103103647476908	55	71
79	143	0.5848102945678174	94	98
141	8	0.8888284081753014	12	66
56	15	0.4067150364534251	86	92
49	1	0.622391685510177	61	21
88	14	0.11035616975933338	74	68
157	22	0.9979610139561318	93	89
18	33	0.09368060216553431	20	38
123	34	0.18083305711876674	3	13
146	101	0.9961430096703561	35	22
56	4	0.8124954361302822	86	95
44	114	0.5200298980504897	93	9
113	46	0.6878414214152914	92	18
35	124	0.39799611349200115	77	73
22	98	0.6989347873718715	89	79
20	115	0.5687402162036805	98	53
94	124	0.47334289461698487	24	73
151	57	0.08476507984204018	10	7
142	127	0.05063714644208728	83	86
2	104	0.793961868289032	57	43
78	120	0.06646509905014764	2	80
62	15	0.8325655444354964	86	92
145	106	0.7481248179642228	98	65
8	118	0.118925812875181	66	77
149	72	0.5004134659189248	30	50
60	106	0.9763303440529143	54	65
109	82	0.35774855579770726	23	71
140	22	0.8273120484476978	38	89
