sp1	sp2	symp	area1	area2
33	100	0.5625178841683588	26	5
120	103	0.9259093995847905	81	16
13	96	0.43208590308457007	96	50
25	46	0.9706790793739453	76	76
20	67	0.966838438202523	44	52
145	111	0.9442733518142188	17	73
94	72	0.1244220853943172	16	93
78	39	0.6031401002746655	61	57
155	50	0.43675648302928116	20	13
13	2	0.5321219885496982	96	81
70	23	0.1085681905715703	15	79
146	125	0.9580016855901105	16	57
78	119	0.02361238589522885	61	96
14	40	0.3919894531365039	77	66
101	116	0.09944569331622122	72	41
130	121	0.6318758923707507	25	3
10	58	0.776873893994891	19	5
111	139	0.16450321301429083	73	79
64	146	0.5742478675385437	70	16
37	40	0.266137134951134	59	66
96	35	0.9930291193873289	50	80
82	1	0.3768188491796667	39	55
6	35	0.7067877739159051	20	80
36	122	0.14268557797356096	79	52
5	131	0.38676733603803226	52	15
26	14	0.9521343761909191	45	77
81	61	0.854867011155383	42	13
33	151	0.8320010488057752	26	61
151	34	0.7251981445881469	61	97
48	16	0.9995218917933643	98	76
23	121	0.8383967773547801	79	3
43	59	0.6053362997450549	17	25
141	50	0.27986726791989847	20	13
34	82	0.0265563072515268	97	39
64	136	0.6616638549545824	70	49
146	60	0.4876086174820097	16	53
112	28	0.1837367766486231	42	82
46	4	0.06317818518981833	76	88
6	46	0.6322064549045757	20	76
56	105	0.2604634297609053	65	41
28	75	0.8994168546653186	82	3
67	54	0.8291814191275098	52	37
83	87	0.7624211121678798	61	63
151	75	0.6982466119857904	61	3
85	26	0.29680133134975006	22	45
157	66	0.0623076278638659	23	30
81	23	0.5370221105326131	42	79
80	2	0.9275544984034494	46	81
46	78	0.8141830218334424	76	61
63	118	0.25011157517743887	2	72
27	97	0.9629092109287183	45	35
16	152	0.6438925383880919	76	90
5	39	0.30473803130446064	52	57
102	122	0.14936924650221972	62	52
26	156	0.11325213275097656	45	32
54	36	0.6407009645413788	37	79
134	23	0.7915020881929383	34	79
148	79	0.6291010249743793	72	92
142	44	0.023984765821806975	75	84
108	16	0.352073122325987	14	76
18	70	0.6671551137136261	92	15
73	18	0.6094701747494956	31	92
133	139	0.014682201039486142	86	79
50	102	0.5611476365964227	13	62
93	96	0.6128058248068216	78	50
88	98	0.4881301947515303	28	2
59	129	0.1638004581677468	25	19
157	27	0.9139463443379776	23	45
47	9	0.12885250280369998	21	31
67	150	0.1504578782461362	52	61
122	119	0.19975515452858983	52	96
118	94	0.8215149716822023	72	16
33	146	0.8285641812763628	26	16
4	11	0.16399128139398145	88	37
144	82	0.2165609271318496	36	39
137	49	0.8569139326077141	77	95
33	12	0.03352380052218473	26	79
25	11	0.4225814581022477	76	37
20	92	0.3166703428053418	44	77
136	88	0.35098699442840864	49	28
3	108	0.6319115173536485	31	14
113	29	0.14641019101921415	56	72
121	98	0.46485231603160815	3	2
43	9	0.8672784792595098	17	31
24	154	0.21262087822599685	70	96
125	36	0.9617228741329449	57	79
88	93	0.3114383691744167	28	78
115	23	0.25861982649617343	54	79
88	9	0.8747929635184758	28	31
149	79	0.18391742180017345	14	92
14	69	0.35526142778449443	77	78
108	34	0.4449533132817225	14	97
66	6	0.7311110069662193	30	20
48	44	0.5711334080171663	98	84
138	97	0.1835544644873982	2	35
51	135	0.7785976979724949	48	13
63	51	0.8776142762526545	2	48
14	139	0.3679762144458749	77	79
156	151	0.035627171531671165	32	61
136	53	0.0580051136352403	49	85
14	31	0.3798540372090847	77	20
145	130	0.6928233789733967	17	25
57	141	0.623094079606904	90	20
157	77	0.27776922005081384	23	32
27	23	0.6902408210240093	45	79
14	153	0.30215771241136635	77	31
11	47	0.7176900252247004	37	21
103	152	0.9242237145322655	16	90
8	148	0.7934664178792267	5	72
111	81	0.916158787783047	73	42
109	33	0.37621115654743953	22	26
129	86	0.3389097520683503	19	34
27	92	0.8678640054832552	45	77
127	148	0.14378770146872666	48	72
132	102	0.6290533465109327	48	62
104	134	0.9772787948016746	88	34
94	42	0.24487069429652375	16	28
111	71	0.6843080919528889	73	100
47	104	0.40464056712992325	21	88
27	132	0.9091448832194349	45	48
28	73	0.7930432078160772	82	31
92	70	0.4103961908306719	77	15
135	53	0.3353894897522398	13	85
33	127	0.45942732335501757	26	48
20	92	0.3190686927346146	44	77
93	134	0.3818510961252465	78	34
156	59	0.07868037784373993	32	25
11	65	0.8882825737862878	37	76
14	121	0.7842747325436858	77	3
139	101	0.27905735009661137	79	72
64	144	0.7851539755832944	70	36
103	94	0.6299406287756067	16	16
149	128	0.20168872402923155	14	69
17	117	0.5806538978086819	83	24
8	78	0.9833393759827306	5	61
28	137	0.9703386779495642	82	77
108	137	0.8475058452863776	14	77
147	116	0.48172151459897816	12	41
41	84	0.4782657266223622	34	90
88	130	0.014615942534872417	28	25
14	157	0.7115199879669891	77	23
61	45	0.3530048804172896	13	15
62	100	0.1640352509407489	75	5
60	71	0.4697869546382979	53	100
11	65	0.299026776469033	37	76
76	118	0.024484090573037576	70	72
34	49	0.7725099458784866	97	95
61	59	0.8652626372625638	13	25
120	75	0.32830897556689365	81	3
63	25	0.9446828134849905	2	76
47	127	0.5131827076010612	21	48
69	145	0.6844297429277555	78	17
134	156	0.23943575603432443	34	32
87	41	0.33107522758411534	63	34
119	135	0.24285878220689672	96	13
96	98	0.20315294793483696	50	2
110	36	0.09933941821933723	75	79
129	4	0.15791027637723665	19	88
138	65	0.6512928059713712	2	76
107	54	0.9600018880739325	47	37
104	125	0.5174249254431359	88	57
137	15	0.2745605020565868	77	86
136	145	0.4550192015584025	49	17
147	130	0.22053762071445404	12	25
143	90	0.3419952714525576	73	20
37	146	0.09035519164733807	59	16
98	4	0.2761529370200442	2	88
153	136	0.594096456533338	31	49
149	16	0.2415023654019467	14	76
77	13	0.8968047983707699	32	96
9	114	0.5809144668941282	31	47
139	115	0.7117493831525611	79	54
63	111	0.5278007186518452	2	73
109	135	0.2563257271343369	22	13
112	126	0.30617111019476884	42	59
149	71	0.858793951236059	14	100
138	10	0.10050678797950696	2	19
52	75	0.812550556225731	1	3
146	47	0.7900543544603525	16	21
157	153	0.8870844078681329	23	31
100	13	0.9415101630510099	5	96
21	26	0.318212374920523	30	45
1	157	0.6405852026021766	55	23
127	32	0.4349532756954929	48	54
29	123	0.2836378867298788	72	29
47	11	0.13968465165439825	21	37
11	130	0.8157595726000653	37	25
53	37	0.3143472323330956	85	59
26	53	0.8003279989839138	45	85
129	128	0.7345608653832291	19	69
113	14	0.9015749205718854	56	77
134	37	0.3347203734418369	34	59
140	26	0.7237257400251943	21	45
59	64	0.37537153144041735	25	70
32	94	0.18219385923431874	54	16
75	111	0.5374744968497609	3	73
144	34	0.5730694781691865	36	97
31	98	0.5118249282971872	20	2
25	69	0.5129726087553943	76	78
151	146	0.25355092345361385	61	16
155	142	0.9313432334414339	20	75
112	129	0.5896403570493123	42	19
122	77	0.1261848333505451	52	32
105	73	0.311612156791222	41	31
157	127	0.8430205071943914	23	48
17	96	0.4113898885670555	83	50
116	30	0.33717811593879166	41	76
111	157	0.8935307128115543	73	23
128	122	0.21520111524977636	69	52
89	50	0.7025996915079099	98	13
118	126	0.7597101140874903	72	59
87	7	0.3004992407133078	63	2
60	123	0.1428679796759188	53	29
49	14	0.33214402005015786	95	77
97	99	0.14493415476607263	35	56
3	112	0.8226733371442005	31	42
46	95	0.3991751973236808	76	7
60	6	0.551626037191816	53	20
88	107	0.4438925869497722	28	47
126	157	0.32195705668681973	59	23
47	29	0.7673444341245559	21	72
2	67	0.4703715215380748	81	52
108	39	0.46983330878789653	14	57
97	18	0.4838071161608052	35	92
5	99	0.07491519236817668	52	56
19	112	0.9676474222464189	10	42
118	116	0.5909479594027643	72	41
14	35	0.7691631112638577	77	80
17	103	0.7519863143167318	83	16
107	94	0.4304620009764515	47	16
40	62	0.8602657964163917	66	75
124	151	0.11505508378158535	48	61
8	2	0.1891368291365778	5	81
134	108	0.1607967525251064	34	14
125	110	0.5944970452456848	57	75
63	18	0.8946574588187952	2	92
7	80	0.27821099886049105	2	46
152	36	0.009037001928887012	90	79
59	95	0.19839560853695837	25	7
84	113	0.3275964221551946	90	56
138	43	0.8425881266426057	2	17
73	123	0.7497186588248065	31	29
12	24	0.03558608822073117	79	70
22	126	0.8305478616337482	87	59
44	24	0.10684138763104378	84	70
93	116	0.8389850426302495	78	41
138	112	0.5535355523685075	2	42
21	73	0.5776455377937487	30	31
111	40	0.364209747810621	73	66
129	24	0.641779815746985	19	70
17	37	0.3237710503282418	83	59
139	96	0.9411615472568085	79	50
29	104	0.2958829840387225	72	88
33	25	0.7967340864431025	26	76
53	132	0.014837820660034362	85	48
82	102	0.710890011149007	39	62
146	147	0.29251207685909475	16	12
137	6	0.4238835975841655	77	20
44	83	0.9722257543505195	84	61
40	135	0.7657196166404361	66	13
146	106	0.35482340379577815	16	73
13	3	0.6977360411265762	96	31
19	46	0.41284978567445296	10	76
136	38	0.40207781284307986	49	16
5	108	0.1323617485771249	52	14
56	15	0.8286919686923697	65	86
97	83	0.24635887282439584	35	61
45	14	0.430731736044383	15	77
33	119	0.7457274429110298	26	96
86	102	0.7202617885569448	34	62
147	152	0.12360265774321422	12	90
36	130	0.5917177591143513	79	25
101	80	0.6834654455095142	72	46
85	13	0.5061381264447524	22	96
112	79	0.189394027031637	42	92
28	11	0.947445358505404	82	37
104	23	0.530546743881275	88	79
114	61	0.5449214836158316	47	13
156	61	0.2492569072615768	32	13
110	76	0.31496009530144753	75	70
136	56	0.09990152262543672	49	65
100	70	0.476056376036865	5	15
153	42	0.32922727324675183	31	28
110	62	0.8605320929698359	75	75
135	34	0.6029338094155773	13	97
106	101	0.8477560588376585	73	72
116	121	0.06654854954471567	41	3
64	69	0.40955472459792885	70	78
19	116	0.9525114580869083	10	41
98	51	0.3895554436203619	2	48
50	12	0.7767794079371453	13	79
24	142	0.7765672725118893	70	75
21	138	0.8691970936397972	30	2
74	3	0.3006676281198134	50	31
75	155	0.8396407724881327	3	20
139	51	0.24853127618266124	79	48
150	80	0.9508668542342232	61	46
28	29	0.394311256163534	82	72
34	130	0.5084652850170525	97	25
50	110	0.40695380811615367	13	75
146	37	0.05770693303197372	16	59
126	68	0.6723494785317602	59	49
115	38	0.9605189666467464	54	16
131	90	0.9524604249294385	15	20
143	62	0.7928239288837263	73	75
107	3	0.5852343422222988	47	31
68	67	0.8502513304229989	49	52
38	16	0.7409106512435951	16	76
123	79	0.08162763691854602	29	92
130	27	0.5149751551630122	25	45
98	1	0.14849338757911046	2	55
146	149	0.2533285372170977	16	14
72	79	0.2404977999420408	93	92
77	13	0.7459635066387151	32	96
13	127	0.4604113295614579	96	48
128	83	0.12461467104818269	69	61
148	18	0.5403644545329911	72	92
88	4	0.5311893756204156	28	88
58	54	0.2803738779564333	5	37
138	81	0.8235572869948875	2	42
8	133	0.07144285800596528	5	86
81	44	0.3338774230098578	42	84
47	21	0.09336807635542899	21	30
46	16	0.8949480446931593	76	76
146	90	0.8694793228560055	16	20
155	33	0.027817991407252718	20	26
133	74	0.38261529410998496	86	50
53	89	0.8762612535191556	85	98
90	64	0.4003369708569958	20	70
107	41	0.44513198403060317	47	34
58	94	0.94914467944435	5	16
130	133	0.09926430660499885	25	86
44	153	0.6761439984799618	84	31
107	121	0.7113463086256471	47	3
88	127	0.16933046605341273	28	48
43	156	0.6595658662448132	17	32
99	40	0.24755603486691724	56	66
132	97	0.6328743535022219	48	35
1	147	0.906618177929189	55	12
28	86	0.8705793869313679	82	34
157	58	0.24432644218405253	23	5
157	17	0.2565582550125479	23	83
70	37	0.6561393869117276	15	59
121	122	0.5444385666030442	3	52
62	154	0.20001947639421258	75	96
24	30	0.8671873308312715	70	76
85	86	0.945995883173158	22	34
152	145	0.22744925035304164	90	17
156	26	0.5578714481409782	32	45
16	20	0.2524760126678932	76	44
82	117	0.3681561829600858	39	24
140	113	0.3952588456257896	21	56
41	90	0.28659828279940835	34	20
112	110	0.11671004000022978	42	75
96	41	0.35814191119717476	50	34
139	118	0.7599640497752567	79	72
151	105	0.12384873131614382	61	41
89	101	0.620628112093118	98	72
54	155	0.5740317454359248	37	20
13	114	0.8284832503882732	96	47
62	126	0.182982407173523	75	59
82	55	0.08093977393215868	39	48
14	138	0.7914565891139254	77	2
76	87	0.6830850213271313	70	63
111	20	0.14652800376319086	73	44
115	145	0.14383283604120944	54	17
85	43	0.4125785589629889	22	17
67	112	0.9238888199920977	52	42
93	8	0.6140677507744084	78	5
148	56	0.917217010708158	72	65
98	149	0.28253624496254204	2	14
23	152	0.43340885801478224	79	90
8	110	0.5879884879887015	5	75
51	124	0.1442423065191475	48	48
51	63	0.5992425425297695	48	2
76	63	0.9923910471113111	70	2
