sp1	sp2	symp	area1	area2
156	142	0.3549546944620453	77	94
22	46	0.08732152650158065	48	41
112	21	0.22250442954535288	34	30
132	59	0.009404405488504963	37	37
104	84	0.9109615788568954	10	79
103	70	0.4013155301795486	66	83
119	46	0.521437892360226	1	41
102	68	0.6290803043565791	73	42
58	105	0.1528074566374582	47	57
96	77	0.32540991813472575	12	45
61	60	0.11413751899971158	32	51
87	69	0.30281830910309404	42	100
15	5	0.5578584616861009	14	27
41	89	0.765488746144805	90	4
65	49	0.15101145824906026	72	72
16	7	0.6855881049267463	45	82
104	9	0.8452612645429238	10	69
23	114	0.6194914333010705	34	1
26	45	0.839082779306178	68	8
131	110	0.38568479741323447	65	28
97	155	0.106948514455108	47	7
68	79	0.4757474847870693	42	50
122	15	0.28189421191771635	38	14
96	39	0.4834063400816445	12	73
156	5	0.6611165283083251	77	27
67	40	0.9171271135143706	46	36
66	153	0.7683239628702815	35	24
141	36	0.034222117846221756	33	27
104	129	0.05593882387260918	10	34
67	3	0.683049298675448	46	54
86	118	0.5966375331228222	13	34
10	57	0.5927573615956353	37	92
12	82	0.2426974380519743	4	73
35	114	0.6091736316606927	75	1
9	40	0.8355109318534626	69	36
130	20	0.21654981904338078	79	70
41	67	0.5115090898370408	90	46
12	149	0.07470041283920903	4	83
123	141	0.5616574305724499	50	33
74	96	0.7671717864930331	65	12
48	66	0.8308126504400436	32	35
63	83	0.559691538959398	59	27
136	120	0.4300616151172979	8	80
38	81	0.12601211450831973	26	43
144	30	0.9447241574757652	58	26
51	132	0.0060896611318830285	85	37
129	138	0.21293456173574965	34	83
32	28	0.5650057496606706	66	10
44	54	0.6129421286132517	99	53
151	132	0.7832061243945864	41	37
61	24	0.9386248245269669	32	77
60	14	0.42238188907006613	51	24
65	31	0.3156842611032532	72	29
61	141	0.90781035786124	32	33
66	37	0.8275903931063451	35	94
48	13	0.2091683879429056	32	47
17	77	0.6814405936438741	7	45
84	71	0.03740169834052931	79	9
150	68	0.08589804225538189	44	42
45	153	0.10412063279900863	8	24
79	84	0.21889206731281352	50	79
96	13	0.6269327327824189	12	47
53	28	0.7278298518625889	22	10
129	106	0.2515467417777203	34	60
111	127	0.5546466662368991	72	42
77	16	0.3268928465432155	45	45
34	85	0.25276265503779116	49	47
151	60	0.9009579316991818	41	51
124	132	0.7122090129509998	5	37
150	94	0.3881188857055117	44	73
23	143	0.41249535291260686	34	95
135	68	0.8144189693676395	36	42
87	118	0.017777515839168645	42	34
100	45	0.4525342598210207	8	8
91	21	0.6487558615695975	60	30
57	5	0.1714917350222135	92	27
48	4	0.6939674817724957	32	89
60	113	0.7419594529900537	51	3
117	98	0.35473915895582664	82	97
118	105	0.5698623342584556	34	57
118	21	0.6722306356008774	34	30
83	55	0.9677226130356429	27	71
51	110	0.2733750653695214	85	28
140	2	0.19123342055319825	6	57
48	66	0.9678913857732881	32	35
141	75	0.24134706682506024	33	100
87	28	0.48872436383338036	42	10
120	9	0.8016410807454563	80	69
2	54	0.7345738468992689	57	53
17	23	0.17131951316994887	7	34
103	8	0.3834891499539187	66	43
90	120	0.9718097229564295	72	80
67	154	0.6349010777391954	46	25
18	34	0.35737920494467645	6	49
142	40	0.33335613066438186	94	36
115	69	0.16948712246065145	62	100
10	74	0.6195995735409042	37	65
126	86	0.833732278757735	20	13
2	121	0.5557334468910476	57	48
43	30	0.6049387293541924	58	26
35	51	0.8053139603231094	75	85
88	3	0.3356448336356578	23	54
34	38	0.9164009693171888	49	26
137	42	0.4199560472896998	69	7
91	136	0.8413531564059	60	8
147	56	0.8149863779057497	18	26
83	36	0.34665264770099546	27	27
118	99	0.5601172014840198	34	46
9	2	0.10402305248133692	69	57
121	123	0.6859433953644507	48	50
99	112	0.9402127653129853	46	34
114	49	0.4025292619153269	1	72
118	67	0.43999216955432463	34	46
84	138	0.5720254906315885	79	83
25	60	0.09642947086331144	70	51
65	98	0.292590217434748	72	97
133	132	0.7385099627712088	14	37
69	101	0.8428299321912635	100	22
36	118	0.5920575176592345	27	34
103	29	0.721323436026043	66	35
150	15	0.8360928405753272	44	14
82	147	0.9897580657287254	73	18
101	9	0.2862269861861789	22	69
138	151	0.4930378495165725	83	41
145	51	0.3838418672417898	42	85
39	111	0.1681019752448456	73	72
96	156	0.9951466431839383	12	77
85	87	0.3735897725336429	47	42
15	140	0.688254256073912	14	6
82	117	0.4259630675450212	73	82
2	33	0.24552860711514013	57	74
8	51	0.6830423828614545	43	85
153	24	0.9940728571222085	24	77
147	78	0.9775178194982105	18	89
12	149	0.3488257537297431	4	83
123	47	0.9309999107505688	50	73
140	129	0.7596246155229069	6	34
56	43	0.5707255407319951	26	58
4	136	0.6949181845105991	89	8
152	111	0.3369723638189752	24	72
31	55	0.660053508388532	29	71
83	88	0.3525555588312541	27	23
88	140	0.493262027040577	23	6
31	10	0.6702970110360426	29	37
10	134	0.7113469293032264	37	86
102	57	0.03478053655039104	73	92
32	106	0.4903068497174822	66	60
1	109	0.5229036011647846	90	54
32	27	0.8514583351601398	66	89
11	30	0.5367537906319498	48	26
45	72	0.9105213236748799	8	94
97	60	0.2957664840411345	47	51
7	141	0.17662415036374168	82	33
137	41	0.16926160155451309	69	90
44	38	0.8148163373897321	99	26
21	79	0.565825753944077	30	50
117	60	0.6469590605467405	82	51
126	12	0.9260118054321305	20	4
22	111	0.8624295320426651	48	72
45	95	0.27551813764818456	8	83
3	48	0.571999931195762	54	32
47	59	0.2027128833179478	73	37
127	81	0.564203111344955	42	43
96	88	0.3022955173779531	12	23
73	10	0.21362161013062808	46	37
99	5	0.6892843942533879	46	27
6	132	0.05410632965024542	52	37
87	66	0.17357518736624522	42	35
130	17	0.27034755404333255	79	7
80	52	0.8571173150370794	75	28
7	23	0.2610954933024293	82	34
41	55	0.15244518584691502	90	71
25	154	0.6866461911576945	70	25
116	23	0.08867799435939472	100	34
17	15	0.9731855810822506	7	14
103	115	0.04125752214867873	66	62
34	117	0.03181022047267801	49	82
4	16	0.13467888703986064	89	45
59	78	0.29995627461391716	37	89
140	97	0.9145912265083439	6	47
141	102	0.7793958689332182	33	73
148	15	0.14977037467039944	29	14
110	122	0.5552850243692649	28	38
10	2	0.26095555406748117	37	57
135	17	0.9851552168675918	36	7
50	9	0.23029107945735328	97	69
122	1	0.8692067023763351	38	90
126	125	0.9890058442423952	20	77
13	145	0.1989592404376842	47	42
46	148	0.08078312772443363	41	29
60	146	0.06000495564829755	51	37
153	40	0.512687721334743	24	36
110	82	0.778873338246834	28	73
9	130	0.38278055658708154	69	79
48	53	0.7534535029760474	32	22
82	71	0.31745080193213904	73	9
140	101	0.3470017730532112	6	22
86	27	0.9861234111217583	13	89
40	73	0.5270056757624737	36	46
120	133	0.2702405016112567	80	14
51	20	0.322469239924438	85	70
29	85	0.7596599201455615	35	47
130	49	0.9322999242433277	79	72
85	131	0.1360755229685061	47	65
89	53	0.3926840057383211	4	22
72	137	0.5980221009954422	94	69
25	141	0.703163936287503	70	33
77	37	0.9040360844174112	45	94
72	100	0.3839123468521346	94	8
88	21	0.2160916299507838	23	30
132	129	0.6288573101018096	37	34
49	23	0.6719415264492389	72	34
2	110	0.8923981505879317	57	28
139	67	0.1294154395501902	90	46
67	95	0.32184973658935967	46	83
10	36	0.176979457965586	37	27
95	73	0.3115567244782663	83	46
51	133	0.607580213355451	85	14
94	96	0.3494976497195872	73	12
95	7	0.30530329540207757	83	82
89	3	0.9931789465988239	4	54
38	54	0.2036129167140568	26	53
70	56	0.28336656730546783	83	26
2	6	0.02142055431438905	57	52
87	82	0.4188143496381801	42	73
106	17	0.5761579544671074	60	7
83	40	0.6491837987880792	27	36
52	156	0.5903221111601489	28	77
103	78	0.08831945872440883	66	89
110	137	0.20590142647276766	28	69
26	77	0.18507947707291805	68	45
65	55	0.0074874994266717065	72	71
15	126	0.3599153308447668	14	20
65	13	0.32128372871086397	72	47
136	16	0.019909271862403877	8	45
95	128	0.4680786257102383	83	60
3	92	0.40191179480443784	54	45
85	141	0.7105873359131125	47	33
100	60	0.43312285941881157	8	51
62	115	0.15027166381717572	2	62
79	102	0.018251022523155025	50	73
115	36	0.8907305266021974	62	27
141	125	0.9175612049375257	33	77
131	77	0.06254489499246652	65	45
10	69	0.9839140123979608	37	100
103	40	0.7641940865058835	66	36
51	50	0.536323453616008	85	97
143	21	0.44981913090228365	95	30
73	38	0.3266955158906917	46	26
1	147	0.10761850948827856	90	18
94	109	0.2574712087247174	73	54
7	122	0.10372446653526057	82	38
7	106	0.6051112060875072	82	60
136	36	0.005647434581741662	8	27
154	25	0.4609516999386549	25	70
12	21	0.619045789021743	4	30
20	7	0.38326783741574033	70	82
82	146	0.3741989091915021	73	37
71	104	0.5242757184471423	9	10
154	86	0.6326123803127272	25	13
76	114	0.5468358560554902	75	1
36	5	0.61662579580976	27	27
36	43	0.6910684921650204	27	58
24	73	0.11878580714228282	77	46
99	149	0.7054882430538033	46	83
72	126	0.32671757420264746	94	20
3	120	0.523092330818743	54	80
147	115	0.6454657183700707	18	62
83	104	0.22107348338900445	27	10
80	152	0.822847631392536	75	24
72	155	0.4879102827026408	94	7
157	76	0.07393200487196916	59	75
152	118	0.5135668084444307	24	34
132	69	0.23750159995784936	37	100
39	68	0.6268127291352844	73	42
110	107	0.7271304226900814	28	70
68	98	0.48267402226157796	42	97
53	45	0.09114251361919268	22	8
29	98	0.26311438777312846	35	97
16	21	0.596933002948741	45	30
109	104	0.21331747681157043	54	10
119	82	0.9414693233521984	1	73
89	6	0.38579855591976997	4	52
98	3	0.785172895094054	97	54
92	66	0.9236614597495508	45	35
151	17	0.25767803154296065	41	7
54	137	0.9435760126178094	53	69
4	43	0.7765767416871859	89	58
77	140	0.81777243219173	45	6
72	32	0.9158181994828012	94	66
54	46	0.03915565092342932	53	41
3	146	0.055014198480411336	54	37
11	15	0.2820743983934233	48	14
46	111	0.5385776831899218	41	72
156	9	0.3367412937897617	77	69
11	58	0.6372678943582561	48	47
17	37	0.930815837075741	7	94
120	17	0.25837827868814867	80	7
57	16	0.5784762704871402	92	45
144	80	0.08789738687814896	58	75
136	46	0.21860616786996567	8	41
83	153	0.0976148842924287	27	24
95	93	0.6377651776176589	83	85
46	121	0.07148597563043801	41	48
154	94	0.19462122708024132	25	73
30	95	0.004957905185319689	26	83
110	28	0.8418406526283914	28	10
71	112	0.4464387945646676	9	34
3	146	0.5247194351173596	54	37
3	115	0.24521595877405622	54	62
79	122	0.3145110395656032	50	38
32	140	0.6892744935887819	66	6
19	135	0.3701030811779591	55	36
78	62	0.6522212271936826	89	2
11	155	0.8794475207340358	48	7
124	84	0.1817549700498997	5	79
19	136	0.8525760352591079	55	8
61	93	0.27058688672164233	32	85
107	21	0.7254128714044838	70	30
8	83	0.2228122206807226	43	27
96	93	0.27412030978880886	12	85
104	126	0.448494142538709	10	20
67	109	0.8190874768322925	46	54
81	151	0.9787456966864314	43	41
118	52	0.5106380936689094	34	28
6	88	0.7132445691616592	52	23
57	3	0.46541580306595565	92	54
45	76	0.626901577681865	8	75
74	34	0.6525219230862097	65	49
14	43	0.7472994861225719	24	58
8	60	0.6701480332053548	43	51
106	138	0.9550374129430681	60	83
57	92	0.34380588990568317	92	45
152	111	0.6584349623771022	24	72
40	23	0.5885575362935439	36	34
113	36	0.8590440086671017	3	27
68	15	0.012807975165989194	42	14
100	7	0.7014904582795969	8	82
102	148	0.9555463283911333	73	29
10	1	0.1444237036508722	37	90
109	132	0.07727981068339507	54	37
126	54	0.09813859488420762	20	53
44	84	0.9046017173562885	99	79
54	125	0.7609655426780313	53	77
123	70	0.6967974094860168	50	83
66	65	0.8171708570183994	35	72
55	69	0.9562167832878982	71	100
124	39	0.6194772990509831	5	73
128	102	0.9461060362354647	60	73
44	123	0.12014697227253679	99	50
28	123	0.5060973038216584	10	50
72	48	0.8766469327842668	94	32
78	99	0.09558935528840906	89	46
146	73	0.9072737426327718	37	46
89	100	0.17527223070680042	4	8
150	31	0.9239338475975977	44	29
114	151	0.7112661791351423	1	41
40	22	0.07859118787614161	36	48
95	31	0.9392165359210626	83	29
99	81	0.7227488927837634	46	43
143	97	0.3229101729427364	95	47
13	136	0.11570766125006315	47	8
126	3	0.11521703597112676	20	54
90	74	0.32054406293091975	72	65
124	110	0.2608794858363379	5	28
76	56	0.8092038105459207	75	26
56	137	0.8608550883783848	26	69
2	41	0.8208866853157817	57	90
156	107	0.467391117612153	77	70
25	56	0.49680405946249784	70	26
76	40	0.760049036701606	75	36
84	63	0.08384293530059117	79	59
137	108	0.9634979311681514	69	42
75	102	0.38270274624244105	100	73
7	130	0.23765759625434824	82	79
133	144	0.7003961701200061	14	58
