sp1	sp2	symp	area1	area2
145	61	0.12834507269733353	25	74
75	21	0.31778561265641914	90	93
15	36	0.9021094700511543	5	63
47	1	0.0852375771635181	17	25
65	33	0.8770530571094707	28	97
97	66	0.4273494733415165	15	50
77	1	0.5207355776451514	56	25
135	111	0.8815280817186029	75	18
30	114	0.08360899883852846	86	87
157	132	0.9827362920774226	5	24
147	142	0.21855135656641533	58	86
69	129	0.37613749588066736	30	50
157	92	0.527146295944232	5	67
40	118	0.28741370524234355	20	79
133	119	0.33847391743533006	63	29
81	122	0.7948643918126161	31	8
70	139	0.47372647527884804	74	35
62	94	0.9153292391648357	41	51
83	39	0.5087980694645463	24	23
99	52	0.2630402911442983	11	56
98	120	0.4064509365009231	13	76
133	22	0.05256377721968453	63	53
49	100	0.5582849820701529	12	48
26	36	0.48028554491877595	42	63
59	42	0.4787565320164182	50	51
20	69	0.8287727725719398	75	30
141	116	0.046551099812098595	48	63
11	111	0.1403368952722256	34	18
72	101	0.9778561152941653	81	6
35	146	0.11508245151183416	81	18
69	22	0.25523651399125546	30	53
106	129	0.8478136065278861	57	50
69	26	0.7220313248661586	30	42
124	128	0.8698958943795898	12	99
138	82	0.20101352499816616	100	13
129	47	0.0407430518123304	50	17
34	49	0.19560036061112296	1	12
51	57	0.4456233845577816	84	78
97	132	0.18951415741964595	15	24
88	39	0.1870855462470602	61	23
11	106	0.385077215551912	34	57
143	79	0.09383253563869753	100	67
156	135	0.9314200521548565	16	75
143	114	0.16468056501222395	100	87
117	107	0.8375323470327516	79	83
2	146	0.20016127108764115	65	18
37	111	0.9159396877619258	69	18
11	110	0.3438182923261771	34	17
118	59	0.09173069212094731	79	50
144	142	0.5951295430206363	70	86
11	2	0.9158080629613657	34	65
154	105	0.1797648120626928	26	42
131	2	0.6273041730269191	34	65
105	111	0.9008966589588736	42	18
36	104	0.4788821366196655	63	81
140	139	0.8517531006435456	100	35
116	38	0.7962548218203724	63	78
107	28	0.8953421117811339	83	43
124	23	0.06855590301282122	12	39
147	98	0.172422471414012	58	13
105	13	0.6364820046334704	42	65
43	122	0.8974284434193894	57	8
97	36	0.5713765755424236	15	63
95	53	0.43860492616842284	97	27
92	21	0.8528615687563007	67	93
125	95	0.9509117463138963	56	97
108	5	0.8502972703307883	84	34
56	40	0.8913756149434199	57	20
106	154	0.523341102104344	57	26
42	154	0.5138112218999125	51	26
98	116	0.5928590383762298	13	63
105	72	0.849105572192271	42	81
111	66	0.7149246397905976	18	50
86	56	0.28618765758094544	77	57
156	86	0.04606215455856599	16	77
30	67	0.3477320488135557	86	19
63	47	0.31959168349227474	38	17
55	22	0.3482182689794395	95	53
137	151	0.8089699738388973	31	38
53	42	0.4097071075989239	27	51
121	55	0.03185114201939088	31	95
76	30	0.5159195528223046	99	86
68	157	0.01893397298023114	9	5
53	148	0.44556528800580175	27	2
19	91	0.944367238107627	67	44
43	17	0.5088672953004293	57	49
62	1	0.2645448334963659	41	25
115	34	0.4108704511019571	60	1
130	71	0.9971346267562727	45	11
48	36	0.15805951776239258	51	63
151	150	0.165362132487607	38	74
25	68	0.32355879761398987	78	9
122	32	0.623124865592843	8	60
144	63	0.3083429306940252	70	38
144	131	0.5311322110159036	70	34
156	95	0.05067737740941958	16	97
128	135	0.6259311697599904	99	75
142	105	0.0581221348602432	86	42
31	46	0.02769679752775367	17	82
112	74	0.7888364752352428	22	3
92	12	0.04263793952472161	67	60
106	52	0.7365483038116376	57	56
126	125	0.37756842124524415	89	56
111	136	0.856193468137117	18	53
22	138	0.9295870606132025	53	100
116	95	0.5755995745692568	63	97
140	112	0.04403196736476067	100	22
143	26	0.30363470503576695	100	42
79	120	0.18437557099496216	67	76
147	56	0.5255499720752641	58	57
152	71	0.2880956762939306	33	11
156	47	0.5424056030431206	16	17
75	83	0.0944902282350023	90	24
104	31	0.416126171486768	81	17
72	4	0.5495665772668071	81	9
83	152	0.14099210449882804	24	33
115	5	0.5144886988634501	60	34
78	107	0.9772006914737956	73	83
4	47	0.25388168784309206	9	17
106	118	0.03881368034021715	57	79
24	27	0.9598252561442575	93	11
133	73	0.5917745622170278	63	9
150	75	0.14147305524163256	74	90
80	118	0.3913201732952277	4	79
52	90	0.5690046827839033	56	46
117	92	0.507800051470423	79	67
131	145	0.9821834880841134	34	25
108	128	0.24472315141674383	84	99
96	150	0.3788738116285473	62	74
110	144	0.9805321256354504	17	70
112	67	0.477812607887689	22	19
85	81	0.8412417706235268	77	31
148	58	0.18485335217074061	2	98
95	118	0.19204108803615128	97	79
48	6	0.7832119447184017	51	17
49	76	0.5703835044454021	12	99
18	12	0.03359869537056448	39	60
100	140	0.618123625029363	48	100
59	32	0.2452727907616994	50	60
135	156	0.31290667434919006	75	16
4	142	0.4181164809640532	9	86
85	27	0.18674529148827634	77	11
128	55	0.31778230692007536	99	95
19	146	0.033439203226155456	67	18
38	143	0.016412542206668546	78	100
110	109	0.16798063394704899	17	20
113	135	0.04538811693207523	71	75
67	94	0.7122232665610775	19	51
101	32	0.4734688761799337	6	60
111	148	0.613841792458477	18	2
43	136	0.13485362526911515	57	53
39	61	0.8220021087556414	23	74
56	122	0.13391942815354063	57	8
139	102	0.7120210622575511	35	88
12	15	0.5508438278641391	60	5
87	117	0.30887126250812846	9	79
28	155	0.06764553512798444	43	45
152	115	0.7690920660238274	33	60
66	32	0.26553919439694484	50	60
113	108	0.1260807639972923	71	84
132	116	0.5615198160107299	24	63
26	42	0.410069664838713	42	51
91	78	0.012677104923550342	44	73
82	13	0.2330910427722992	13	65
51	66	0.20019514691680107	84	50
145	113	0.7107158474792615	25	71
67	78	0.22984834275762334	19	73
143	132	0.5182088675655224	100	24
32	63	0.1591948882019083	60	38
157	89	0.22263984972285955	5	71
90	104	0.5479158013418588	46	81
40	12	0.08539474780310252	20	60
79	110	0.40897527491105967	67	17
79	86	0.38987480281641307	67	77
4	80	0.4328104934928775	9	4
13	67	0.6423116383624119	65	19
3	123	0.26094413594104127	93	75
31	32	0.9093989502526597	17	60
5	112	0.4799834899945169	34	22
4	21	0.9461609589490342	9	93
24	52	0.051110028183239176	93	56
153	17	0.4501969020941541	53	49
61	43	0.3404816453698116	74	57
13	113	0.5378668699923296	65	71
147	63	0.6215133152254025	58	38
51	66	0.5615498628465854	84	50
18	130	0.9584627204826579	39	45
116	100	0.4863951155211267	63	48
146	57	0.25397210099536227	18	78
141	63	0.5412879777293261	48	38
64	26	0.8133196947439052	39	42
82	96	0.6038308509276616	13	62
90	120	0.43085441450788453	46	76
92	135	0.9342304924151184	67	75
79	100	0.3567001944612088	67	48
129	60	0.9032827925154924	50	73
139	150	0.7425350634790078	35	74
27	141	0.57421776788564	11	48
21	76	0.9167967023935573	93	99
79	125	0.5520237442608391	67	56
95	154	0.161515357109711	97	26
120	5	0.6840157991434348	76	34
152	36	0.10335547012350188	33	63
154	12	0.15597045110165608	26	60
92	75	0.531480181155118	67	90
79	85	0.7821429698424965	67	77
73	11	0.4303310727379629	9	34
32	41	0.7631019107757373	60	19
51	98	0.5382585373492642	84	13
3	30	0.1686564405589438	93	86
142	95	0.19855430170832622	86	97
24	33	0.11009459754999995	93	97
152	11	0.08125148685416606	33	34
51	10	0.5571802830803062	84	89
55	52	0.08838011389004374	95	56
94	56	0.589381857458709	51	57
135	138	0.35255526544740257	75	100
96	75	0.5833214935034078	62	90
77	48	0.9545175719807992	56	51
14	36	0.4361162917276291	24	63
119	122	0.9459447001452277	29	8
64	149	0.3588630708845836	39	92
113	93	0.4534396174379338	71	97
92	33	0.4693895585290512	67	97
32	142	0.009105431065321579	60	86
69	145	0.9712680476404245	30	25
103	135	0.4364269819449984	80	75
152	19	0.5280076553366153	33	67
148	77	0.7681820166526755	2	56
112	90	0.9878414965981687	22	46
129	38	0.31621287493617245	50	78
12	81	0.7193384840782033	60	31
114	153	0.4768127821684399	87	53
5	69	0.429998299942689	34	30
116	131	0.08570883689946551	63	34
61	38	0.7261922365231246	74	78
16	92	0.7389311178014135	79	67
3	156	0.3087165079591758	93	16
84	15	0.4460153267841307	99	5
147	33	0.8740455909682306	58	97
97	44	0.13135355985650876	15	33
133	54	0.960637715636614	63	93
147	11	0.1946831555527181	58	34
77	152	0.4757419736593991	56	33
1	35	0.25701872133921944	25	81
65	9	0.4029342361928725	28	87
142	55	0.3251943687490009	86	95
154	4	0.15235197532023692	26	9
98	1	0.7497318431394707	13	25
151	125	0.38568987828717227	38	56
16	40	0.3206721345743795	79	20
150	80	0.9863667796758755	74	4
103	125	0.5344506286383534	80	56
52	10	0.1771893042262046	56	89
116	78	0.6137250608442895	63	73
57	117	0.038812167027631905	78	79
97	51	0.712824456455163	15	84
134	13	0.7841093889912876	89	65
4	71	0.11656382193998849	9	11
154	119	0.47215036174467817	26	29
111	15	0.8882227896278442	18	5
54	93	0.46603419833870385	93	97
114	51	0.156339448556976	87	84
107	19	0.7223263417503815	83	67
44	68	0.5515737632346546	33	9
52	111	0.344026689884935	56	18
16	64	0.36343977097537783	79	39
123	5	0.9984349168753893	75	34
32	149	0.3888339533507662	60	92
113	69	0.44335107985398303	71	30
5	107	0.5760741222235563	34	83
125	77	0.8509689990917612	56	56
36	70	0.9842389136581436	63	74
64	17	0.6588839105725535	39	49
109	105	0.9566715059651196	20	42
39	52	0.9209815388789035	23	56
45	11	0.5814469163083018	37	34
131	142	0.0919572800319679	34	86
109	86	0.328701437178499	20	77
3	102	0.6207735043433592	93	88
153	60	0.966460412949107	53	73
66	13	0.7577799287453981	50	65
89	103	0.31932843413296097	71	80
67	13	0.05204779071137955	19	65
51	85	0.44926399572876474	84	77
152	134	0.11417095979708003	33	89
145	117	0.671491887451658	25	79
141	100	0.8246479241613212	48	48
21	94	0.6929149807853587	93	51
128	53	0.7765632880437032	99	27
124	20	0.6026426680015641	12	75
6	147	0.05481083779841878	17	58
107	31	0.8873958079010024	83	17
130	77	0.12029199349994402	45	56
120	52	0.35286381174230763	76	56
79	59	0.9713799535083069	67	50
33	119	0.34257409789936843	97	29
16	134	0.3120704380196385	79	89
155	100	0.9074859230052248	45	48
80	53	0.5384620828278434	4	27
57	56	0.8350452512994939	78	57
99	38	0.5730316390313012	11	78
151	135	0.13363154595078486	38	75
41	16	0.2520179130192015	19	79
65	92	0.8126122975576591	28	67
49	87	0.727741166381595	12	9
91	23	0.2126383717479322	44	39
122	112	0.26724373354377895	8	22
58	50	0.4290209923538023	98	73
1	110	0.3679196075276616	25	17
146	52	0.07716361382311199	18	56
155	4	0.20567546603046805	45	9
42	117	0.16399488004460838	51	79
110	141	0.1586999032255363	17	48
114	29	0.005624280803394943	87	56
131	2	0.5644623451436316	34	65
88	57	0.5164702945266632	61	78
117	144	0.5242659243400298	79	70
105	148	0.33575981415560907	42	2
130	55	0.5959643585656696	45	95
11	24	0.8573428984164075	34	93
31	35	0.7576742151841631	17	81
114	32	0.7252033577327198	87	60
88	67	0.45511948343145114	61	19
132	86	0.6351338338143584	24	77
48	103	0.4722248097920677	51	80
10	8	0.8933692852692613	89	74
96	20	0.46809436347918354	62	75
121	151	0.46205044005367857	31	38
63	157	0.2755953807049788	38	5
155	78	0.4096759264709826	45	73
127	6	0.8054827723970389	60	17
84	140	0.26441378092129364	99	100
152	44	0.667430871968064	33	33
10	146	0.871098947306779	89	18
89	33	0.5362156869991552	71	97
154	107	0.20250098788451665	26	83
61	150	0.01823859840852826	74	74
125	92	0.10500602402179393	56	67
131	145	0.8526897161005159	34	25
20	6	0.9541799828146638	75	17
1	132	0.1662727382802507	25	24
41	104	0.2674210062997203	19	81
128	92	0.13201235333711447	99	67
57	155	0.10852765924867802	78	45
122	87	0.14897983894880307	8	9
43	88	0.9948772144310982	57	61
114	101	0.9241742012963146	87	6
44	50	0.6727181857968457	33	73
137	65	0.21742507691182067	31	28
108	17	0.9130926044669048	84	49
76	82	0.6057473350853423	99	13
116	49	0.7356326275854219	63	12
39	89	0.774126469266446	23	71
37	156	0.31011266945190585	69	16
56	134	0.5728298132660711	57	89
115	24	0.002349970243388455	60	93
81	107	0.4138807636446682	31	83
4	157	0.045694868231345054	9	5
52	91	0.9333606151860813	56	44
138	137	0.8844489825123117	100	31
85	16	0.9220405060593115	77	79
26	150	0.9910110659725644	42	74
151	87	0.07276954821992243	38	9
143	141	0.5520340803445346	100	48
83	58	0.3099390046330498	24	98
28	119	0.5917147403086265	43	29
112	153	0.01692379099659791	22	53
13	34	0.8268351175425922	65	1
118	5	0.6057936978983833	79	34
17	54	0.48652559733083967	49	93
32	69	0.9566225562961725	60	30
138	2	0.35125686547629054	100	65
136	44	0.8240715818862608	53	33
55	85	0.29074507617679335	95	77
112	37	0.8910935789726673	22	69
