sp1	sp2	symp	area1	area2
130	80	0.373159113998079	29	47
7	127	0.23773983551945932	76	54
108	137	0.7671471567385871	96	52
105	1	0.09148330356924572	87	99
143	115	0.3791847746484627	77	46
62	149	0.9181956015510395	18	45
24	120	0.9959888014180427	63	20
147	51	0.06163498458389427	32	53
112	4	0.38606058805079013	70	37
36	67	0.5442698371432276	22	3
88	69	0.951818719961975	29	56
4	134	0.8215663805519732	37	64
2	71	0.8445915279125874	25	21
90	7	0.6748000937851165	28	76
18	113	0.6571887381215759	32	86
31	74	0.6909752549436305	59	61
119	89	0.41059327960215153	87	7
27	117	0.37393217749243346	86	9
88	136	0.07548439088915626	29	82
44	56	0.3356392805685152	98	85
95	4	0.984934805314307	57	37
88	42	0.9456575608391274	29	84
150	38	0.8880892263181979	87	81
111	85	0.11315037846945297	99	11
6	29	0.2722196433887192	22	85
43	157	0.9896939027957002	81	49
42	26	0.3757538318239291	84	75
125	95	0.28766156091335815	23	57
100	125	0.19898385088075154	72	23
145	41	0.24239049838413718	20	76
151	33	0.21923965631497278	67	4
55	111	0.42185514183205497	97	99
139	82	0.6876638792314114	36	31
70	19	0.993027376005816	48	48
39	54	0.5870689012427831	72	6
146	19	0.5154503891834464	13	48
90	144	0.6164054197920149	28	22
21	51	0.038135738287235155	40	53
47	129	0.2758726565965185	16	65
49	112	0.7858367673419899	69	70
19	155	0.8911947409180977	48	34
61	146	0.5303931592317622	83	13
60	51	0.625820026132597	29	53
44	57	0.8789240319441192	98	20
24	21	0.9612506511923111	63	40
67	124	0.6625766557595677	3	48
73	7	0.3109873058029514	5	76
118	49	0.004972503668353556	46	69
1	78	0.4186274690327113	99	74
126	108	0.16930126273338508	29	96
134	76	0.8578701681526343	64	74
118	122	0.2898993358854467	46	58
23	21	0.5303720420470435	7	40
110	146	0.41810338731383123	56	13
58	147	0.7906739480543509	66	32
124	70	0.6952926166099076	48	48
134	100	0.4263708336632098	64	72
109	113	0.24464454230204702	27	86
124	95	0.5423254978568449	48	57
73	138	0.17861132727449114	5	37
156	49	0.19743618391097273	97	69
18	105	0.1420394990470114	32	87
23	148	0.6118192472970132	7	39
108	66	0.11542328838187466	96	16
17	6	0.29863078761735884	84	22
104	134	0.8108640471100869	42	64
24	138	0.1370252753141632	63	37
155	152	0.9660021392001451	34	66
60	39	0.49144939997812576	29	72
29	10	0.1153949617903246	85	57
48	148	0.040440695109386526	33	39
116	23	0.972335366772959	69	7
85	74	0.8819817937791238	11	61
66	45	0.6284112683504828	16	74
90	54	0.9491871458720488	28	6
65	3	0.46875137694413693	86	31
156	120	0.7787766072853888	97	20
154	118	0.23880112586567026	17	46
26	91	0.41268054423504485	75	75
132	19	0.9454606734109254	6	48
139	59	0.16158221265554928	36	66
110	145	0.6855222177376139	56	20
141	76	0.1068709587371679	70	74
28	122	0.502935012701075	42	58
74	120	0.11297120247436265	61	20
113	103	0.35662251153041313	86	84
39	90	0.8832317723554586	72	28
92	71	0.6908227428254617	28	21
20	107	0.4454416755523827	39	54
109	113	0.5941121774413973	27	86
51	31	0.36012480263609903	53	59
69	61	0.622470919624266	56	83
22	61	0.03433481816253858	46	83
83	73	0.4134225666458492	45	5
105	50	0.08846480072002683	87	79
110	114	0.38851313607582294	56	43
56	13	0.8880178853707654	85	38
120	128	0.31511347100299136	20	9
3	96	0.7636446091646181	31	72
111	155	0.649137663475922	99	34
11	124	0.2589179160764976	6	48
122	11	0.44683924336807734	58	6
76	55	0.6386986720121213	74	97
37	146	0.82819900327844	39	13
84	151	0.7407266972133185	42	67
115	141	0.13793865418003837	46	70
46	154	0.2545078299800312	95	17
1	41	0.32426572628853123	99	76
66	133	0.7631677852241315	16	18
102	115	0.2006738894672645	87	46
73	47	0.3384866234446742	5	16
142	7	0.10330431705421639	4	76
111	55	0.30616188829652535	99	97
80	34	0.9297504844753265	47	61
45	23	0.540667309685459	74	7
42	117	0.9507196725556877	84	9
14	7	0.9860485856224105	46	76
137	156	0.3550969381372747	52	97
120	18	0.48163473319394634	20	32
46	126	0.44605328195338956	95	29
153	130	0.8942652398161262	13	29
103	34	0.3776009959018052	84	61
117	136	0.09002383937308855	9	82
42	135	0.3286023842705853	84	5
129	21	0.17623577023845405	65	40
142	125	0.7684285002004908	4	23
10	40	0.5970524932468145	57	67
90	74	0.2956507971382658	28	61
2	144	0.7967530576485237	25	22
120	114	0.27943605512150116	20	43
102	77	0.5824520217066885	87	86
96	106	0.9193387442910265	72	7
101	51	0.5057382936491116	99	53
99	128	0.9208891674140768	61	9
152	40	0.8096504623251589	66	67
63	80	0.9452611567605427	73	47
4	44	0.442149862680147	37	98
97	133	0.34173965219063607	85	18
52	10	0.6018864710717381	99	57
45	62	0.7093787849042548	74	18
31	62	0.3819720196451346	59	18
114	125	0.45308874079580896	43	23
122	5	0.7191772794192356	58	86
85	155	0.6042435729620272	11	34
75	9	0.0702243929050711	3	83
138	43	0.599394517237261	37	81
62	48	0.9951017683607958	18	33
75	11	0.5057211930865088	3	6
119	94	0.04762364026701882	87	56
60	124	0.8687226804891546	29	48
9	67	0.08331024691504074	83	3
34	31	0.6446114366680379	61	59
125	126	0.037312226285031946	23	29
123	131	0.7336668144027576	4	53
133	33	0.6108795451951516	18	4
76	90	0.09820176818664439	74	28
50	14	0.5877734691429723	79	46
115	70	0.5778513188175617	46	48
13	132	0.2624052601092477	38	6
152	34	0.4805739526272108	66	61
112	150	0.810416459851588	70	87
40	96	0.8425031275997094	67	72
67	11	0.037053418355340706	3	6
121	60	0.1714643442241337	24	29
140	76	0.5141389014007685	76	74
84	65	0.5077013802375304	42	86
80	52	0.37197008849583646	47	99
6	5	0.1578099591776888	22	86
32	89	0.39255345314634216	96	7
60	119	0.12298268562384473	29	87
68	75	0.7698540767961213	29	3
7	154	0.47632111747429806	76	17
106	60	0.5736287744732982	7	29
151	29	0.5821945734988723	67	85
114	116	0.592493350150285	43	69
45	145	0.5777808309973882	74	20
128	19	0.18164513852620623	9	48
60	70	0.6557106267213662	29	48
100	31	0.04718738815668477	72	59
104	37	0.961572638668234	42	39
119	8	0.6818984595609267	87	100
99	53	0.28225378060810513	61	46
141	13	0.24150984832620148	70	38
128	57	0.4391696893643069	9	20
20	45	0.3497754826158427	39	74
49	133	0.47163463135975636	69	18
91	56	0.5793795254679408	75	85
150	93	0.6873603149341235	87	24
139	152	0.9422279238299504	36	66
146	19	0.9682490820604408	13	48
23	62	0.7364188839964239	7	18
38	65	0.5592747837245512	81	86
144	121	0.19107560686241598	22	24
82	72	0.23639776057955197	31	72
94	24	0.0036319986841761853	56	63
55	148	0.7663877568890665	97	39
128	91	0.8646973366827374	9	75
110	75	0.8994103842401064	56	3
53	138	0.6699884034348221	46	37
28	84	0.36079628198685687	42	42
98	29	0.7946080051510972	90	85
1	134	0.47794192356107257	99	64
52	116	0.6891077684881494	99	69
145	123	0.09679409557725849	20	4
83	2	0.8804275294282824	45	25
82	51	0.138679495460735	31	53
52	103	0.4944676600273721	99	84
56	144	0.5378509704965476	85	22
59	37	0.6327436324884397	66	39
139	127	0.14624126625031086	36	54
58	48	0.16998287451862648	66	33
57	30	0.9328359115900512	20	88
72	135	0.21294529913654126	72	5
74	50	0.38715119192641423	61	79
122	133	0.07834805252309762	58	18
35	6	0.14075205454132456	24	22
32	79	0.9865043205382833	96	57
71	57	0.9063700061434079	21	20
70	41	0.3212340257029609	48	76
33	106	0.45663625074476677	4	7
65	22	0.8555288180105753	86	46
12	33	0.10450742130859703	50	4
83	138	0.5375109746817415	45	37
99	119	0.03914491648654439	61	87
125	140	0.6677924662802872	23	76
58	72	0.8787797264100556	66	72
81	140	0.03981373344940686	17	76
117	104	0.5143905087841998	9	42
116	122	0.7658548276592412	69	58
154	96	0.793636381064235	17	72
9	24	0.7984700267485163	83	63
133	94	0.6226568006392862	18	56
100	110	0.2684193566051529	72	56
60	122	0.2895946493506648	29	58
135	37	0.8016537679738237	5	39
134	21	0.4485456732034272	64	40
25	157	0.9055292669508158	19	49
46	81	0.8684435680348837	95	17
27	105	0.6677719226696627	86	87
153	49	0.623825013051731	13	69
144	89	0.038906697004070234	22	7
124	100	0.21670575661427538	48	72
85	69	0.07121215716887963	11	56
121	76	0.15822954040361292	24	74
17	130	0.2398408151011462	84	29
15	109	0.22353858728923615	40	27
107	154	0.16531425235185415	54	17
73	145	0.2814395647308835	5	20
36	32	0.4646527687929384	22	96
69	43	0.38589456144578216	56	81
13	6	0.584633183858088	38	22
134	29	0.5141105706057996	64	85
83	23	0.5043577430239748	45	7
98	103	0.8411631535527945	90	84
144	75	0.11633286477133331	22	3
44	100	0.195835698295436	98	72
154	27	0.7717258737396562	17	86
129	82	0.8928499877483325	65	31
1	49	0.049011290273654806	99	69
6	98	0.1668884511194807	22	90
134	110	0.9719397262991801	64	56
53	130	0.5945221276206542	46	29
104	63	0.46114927250824234	42	73
91	151	0.2418513719530192	75	67
56	108	0.35890126952577694	85	96
115	3	0.4475740038583005	46	31
143	10	0.5658338102279296	77	57
154	104	0.7575080180265946	17	42
55	15	0.36027843103248547	97	40
136	6	0.9881715711460795	82	22
138	76	0.9202184818120147	37	74
24	123	0.25393213215251564	63	4
28	17	0.6832104538459516	42	84
14	80	0.10616077787202105	46	47
85	130	0.6333800857256658	11	29
49	40	0.16460938710530004	69	67
27	101	0.11905237928628232	86	99
108	85	0.6617705219147973	96	11
100	38	0.30439475202670785	72	81
10	88	0.5238423413195757	57	29
4	105	0.0024417968629418807	37	87
62	140	0.5974800499935433	18	76
32	65	0.34855764730707417	96	86
137	68	0.10553201113776944	52	29
47	147	0.7343357013362077	16	32
1	118	0.33497356386051635	99	46
54	39	0.767652195225215	6	72
67	115	0.046899693565517375	3	46
117	75	0.5647015170726772	9	3
106	1	0.5038165181562921	7	99
152	129	0.2504931861159335	66	65
10	67	0.44467498398719374	57	3
49	61	0.34152556340919726	69	83
91	119	0.751196682502929	75	87
125	23	0.019444834634255392	23	7
124	34	0.31339216657448776	48	61
97	65	0.2636427464300388	85	86
101	129	0.1288553121380408	99	65
50	9	0.09880352151174077	79	83
88	105	0.516734891463268	29	87
67	39	0.30859702346949736	3	72
2	125	0.8984705111069003	25	23
138	110	0.10745391349894418	37	56
114	59	0.45349159926124416	43	66
150	74	0.8157663139690687	87	61
2	109	0.8356674799944396	25	27
150	126	0.5501528654806135	87	29
139	29	0.16543277300969284	36	85
76	106	0.852936224615557	74	7
154	138	0.28974200765041025	17	37
119	155	0.22200455904872607	87	34
114	15	0.9194884054361377	43	40
22	70	0.4279770414828663	46	48
8	86	0.44734023937338263	100	25
14	25	0.41465789186219093	46	19
15	52	0.3588376039522633	40	99
5	39	0.969991965097359	86	72
137	1	0.25918278901932146	52	99
62	14	0.39508935761083375	18	46
9	117	0.19889480982106345	83	9
121	154	0.548153289462461	24	17
12	150	0.40773071067904987	50	87
27	117	0.4698657018635224	86	9
133	65	0.2442342427036065	18	86
146	44	0.014462204007003487	13	98
119	64	0.3375379140460889	87	79
77	157	0.7855959882264236	86	49
91	118	0.20884686246625328	75	46
95	16	0.19189955180755947	57	2
6	31	0.180072771487909	22	59
22	131	0.4532247177314589	46	53
136	56	0.4950424293491055	82	85
44	43	0.2868109165825632	98	81
46	74	0.27441062674057526	95	61
43	80	0.8016230320364376	81	47
131	132	0.1778614249537852	53	6
38	95	0.7589374887970303	81	57
69	102	0.6107196791652342	56	87
114	131	0.3244679493397895	43	53
154	24	0.03219385894857285	17	63
127	60	0.18890986154915823	54	29
61	113	0.95081418629651	83	86
154	83	0.003969993443056707	17	45
10	59	0.08129773289931674	57	66
57	150	0.5258904268097256	20	87
97	147	0.5681312645432101	85	32
54	70	0.05560463324554665	6	48
16	2	0.8246168078070637	2	25
150	55	0.24089986124355067	87	97
119	99	0.1929023554035295	87	61
125	36	0.09945066340778086	23	22
95	7	0.1562307896344085	57	76
151	100	0.9175145013088154	67	72
142	119	0.30436270522664954	4	87
27	146	0.449712706610946	86	13
74	88	0.8515283167775789	61	29
97	14	0.9794995913237808	85	46
134	66	0.48839344010740393	64	16
7	60	0.7748114058685163	76	29
7	95	0.23028251570350722	76	57
28	69	0.7362177960385324	42	56
30	64	0.7812272216232079	88	79
140	5	0.32609624473787535	76	86
3	73	0.8037541316290238	31	5
25	104	0.6964863547391645	19	42
113	130	0.5490941408062284	86	29
44	22	0.7583662031371455	98	46
130	149	0.8456060272374051	29	45
142	113	0.9328976223491423	4	86
32	86	0.1150907347251987	96	25
111	93	0.07014198749990674	99	24
98	10	0.9715873136228719	90	57
12	145	0.5755393123977791	50	20
139	44	0.9859383013933539	36	98
82	26	0.46734357122756576	31	75
4	23	0.8132045132188698	37	7
