sp1	sp2	symp	area1	area2
128	111	0.28180674347554857	24	47
130	11	0.1589181960556596	39	94
45	109	0.24027328221782596	20	3
67	113	0.1807601699008451	86	18
31	42	0.7147947693778524	63	22
48	78	0.790991767330458	15	75
19	72	0.7031713467387588	43	62
18	65	0.7571291103505203	19	77
32	66	0.5157005732136355	83	71
140	17	0.7610572747489994	38	65
140	138	0.7662641445110544	38	62
72	156	0.046973822244348984	62	48
134	145	0.5372907851016547	4	17
23	146	0.7514660468611956	63	69
91	58	0.2883304290603388	80	94
62	33	0.5338275491745414	48	54
83	78	0.5622188181203425	21	75
41	117	0.1671579654010673	62	100
105	144	0.583773513739102	39	72
122	3	0.38331565204060414	94	100
75	2	0.3986050356631057	28	58
65	18	0.782136442043766	77	19
26	151	0.9307667395462298	38	5
55	16	0.7967321203495609	74	96
110	36	0.87209101994076	7	44
2	69	0.4868522300128051	58	78
100	114	0.5073825341884663	86	84
156	126	0.35649357871033494	48	50
53	85	0.1053222250519601	39	45
127	90	0.13828269479928235	91	60
74	130	0.41772659413577806	97	39
148	12	0.1273916704924699	93	1
25	47	0.039896224589846874	40	53
152	73	0.31644659657756524	62	30
81	148	0.09393375930663794	33	93
68	148	0.024846303359367772	80	93
110	127	0.9339778384612747	7	91
105	133	0.3154126918478134	39	20
66	21	0.37029702219221805	71	95
103	89	0.9062148505558306	27	65
71	27	0.969009352401466	79	19
63	99	0.7188140635025158	87	22
19	76	0.8226949544003164	43	88
120	113	0.6748668773101008	71	18
149	137	0.9165140930863086	23	56
60	83	0.9879881179550908	89	21
153	71	0.24753311970340808	97	79
31	13	0.03394310585475424	63	95
67	88	0.23154416549343926	86	58
140	122	0.9480760365249721	38	94
112	77	0.11579644592950222	7	10
31	67	0.586529119134574	63	86
55	28	0.7964232813099021	74	56
116	91	0.4965676876493579	72	80
91	28	0.8005012023997821	80	56
112	12	0.780570530642385	7	1
120	112	0.030768156222205967	71	7
65	15	0.00980837560271064	77	78
69	10	0.2156399280824488	78	48
21	116	0.6421464935770552	95	72
38	67	0.8705551378183267	93	86
152	74	0.24537584943570656	62	97
67	68	0.1088058855308216	86	80
19	32	0.1622947960186788	43	83
21	13	0.4843057728408845	95	95
133	110	0.08726892574107337	20	7
117	50	0.9888838899972654	100	89
98	80	0.6254570213105354	69	84
53	107	0.9830219153927569	39	18
38	33	0.5628936785360675	93	54
73	69	0.13483669589021996	30	78
43	66	0.46182938027239995	2	71
79	104	0.6872714382664302	100	76
105	73	0.5399107843027279	39	30
96	54	0.8228354324879954	63	7
12	70	0.1739228901549984	1	58
40	148	0.9457205202621419	22	93
15	58	0.5722605262305034	78	94
29	30	0.8740959757258032	76	38
138	3	0.9007952687923751	62	100
126	14	0.3239552242748688	50	33
93	94	0.3163137156572424	14	67
47	54	0.408061337989144	53	7
134	2	0.4386347425571112	4	58
38	49	0.5470450901892943	93	51
103	53	0.09383795115716898	27	39
120	145	0.02904112548389215	71	17
103	109	0.21238834239526272	27	3
130	61	0.15029130244097066	39	79
144	68	0.20586739681276822	72	80
153	94	0.9047419223084446	97	67
150	146	0.6213589438948981	57	69
105	98	0.7510683627719059	39	69
131	69	0.7309961213917223	68	78
111	48	0.13598113995817374	47	15
6	146	0.45118186694831464	60	69
94	36	0.7582038677900141	67	44
149	5	0.7066857580758011	23	22
48	76	0.2232147753636683	15	88
40	150	0.3223036629830919	22	57
104	130	0.7160481590882412	76	39
113	17	0.2693533863558465	18	65
133	11	0.4276233042888241	20	94
51	66	0.3698652175772654	28	71
86	26	0.3731489350867059	62	38
38	124	0.28573475797009573	93	29
78	141	0.06323151551580986	75	4
139	75	0.7113165344237051	87	28
96	125	0.298357444060654	63	52
134	39	0.30254968922259784	4	43
100	4	0.07199362741548576	86	22
7	146	0.6896115739115003	55	69
55	51	0.6123996800637522	74	28
130	9	0.5584720419133862	39	57
118	14	0.7473966147608078	61	33
143	113	0.4291570632574585	37	18
31	11	0.5840039199213828	63	94
133	89	0.09086676698481122	20	65
140	107	0.857702212816777	38	18
75	53	0.5889709574045844	28	39
101	98	0.09776391529344974	33	69
151	152	0.2366270692192206	5	62
131	144	0.18944356346741542	68	72
22	129	0.9462419100467927	77	84
16	74	0.4233390651091723	96	97
112	57	0.6284134048156547	7	27
7	21	0.34860133842135355	55	95
143	95	0.5546496165647662	37	94
70	68	0.5638293192257906	58	80
46	69	0.3519239204013972	99	78
69	153	0.26291452407625804	78	97
139	140	0.28134681532800865	87	38
124	90	0.14758420345092438	29	60
135	29	0.9160411756023839	11	76
148	108	0.7390312354970278	93	9
72	75	0.09435811134825922	62	28
59	79	0.9268183365268389	41	100
57	139	0.9528262387317644	27	87
50	61	0.2451673817865192	89	79
104	60	0.37034316053519545	76	89
33	39	0.23348687904851562	54	43
105	92	0.5316954125813833	39	39
148	104	0.4155507416809927	93	76
96	59	0.008209080591060514	63	41
92	79	0.6246599358439066	39	100
86	153	0.5238473439883926	62	97
78	3	0.30314228842977176	75	100
108	62	0.6933027779433145	9	48
54	3	0.3505128063183882	7	100
10	134	0.7472357836961032	48	4
37	96	0.6334264577039924	31	63
155	11	0.5264591420271506	30	94
94	104	0.1697861390420322	67	76
103	59	0.5688827385053792	27	41
130	136	0.7151607513226756	39	95
27	14	0.5213876033549653	19	33
115	55	0.6229325944381942	55	74
113	67	0.5661924013307931	18	86
155	61	0.038220267679714315	30	79
103	40	0.7790537755210202	27	22
68	49	0.2527587976149198	80	51
80	113	0.1728023067693445	84	18
61	35	0.821283318089859	79	93
10	18	0.2283234352374226	48	19
78	130	0.8534475358721874	75	39
42	45	0.7788363916205996	22	20
132	71	0.13375746669637156	79	79
65	79	0.8102550080958507	77	100
12	21	0.9496296311642656	1	95
26	29	0.9273177440334338	38	76
12	107	0.5186490186988183	1	18
100	111	0.8120200100828109	86	47
70	138	0.17991410172467004	58	62
111	108	0.9813721048461688	47	9
88	19	0.48940054410289346	58	43
70	132	0.07180197353912798	58	79
18	32	0.1426025583981888	19	83
40	153	0.28037997987485996	22	97
137	63	0.8560718068464376	56	87
36	118	0.6851829384952535	44	61
2	41	0.09135201122780523	58	62
89	45	0.1920077624451797	65	20
94	111	0.20299147864493206	67	47
88	8	0.5285865139004607	58	49
84	141	0.012630597726346449	9	4
10	62	0.610689681395331	48	48
13	114	0.5536369849371432	95	84
30	126	0.12956952023637747	38	50
18	138	0.9239845564015631	19	62
99	138	0.5057005019653705	22	62
64	88	0.561586524038812	77	58
88	53	0.5767368887436611	58	39
37	121	0.25487171805997677	31	17
4	66	0.10026061059178304	22	71
109	100	0.5939960719881597	3	86
115	98	0.3563558533689031	55	69
82	101	0.8800735044933048	79	33
109	46	0.8645244453257593	3	99
79	131	0.7174968001912982	100	68
145	86	0.5799948887342156	17	62
3	57	0.48593430893058576	100	27
69	125	0.12602577037877727	78	52
5	135	0.89277471475915	22	11
121	47	0.6824203225608448	17	53
13	62	0.06671164653898343	95	48
122	89	0.16500771330447705	94	65
24	144	0.7256705406602111	76	72
57	117	0.35351318045199276	27	100
152	140	0.809681576047732	62	38
114	71	0.7455578237391826	84	79
63	125	0.2181233584984794	87	52
13	120	0.3361821718409659	95	71
79	53	0.08252433655790115	100	39
20	77	0.6739623417228731	70	10
29	90	0.8560320869381878	76	60
7	36	0.6928266646868864	55	44
67	10	0.6626307596716419	86	48
10	3	0.10544221405019405	48	100
45	120	0.6769950148813679	20	71
94	20	0.3891719894261524	67	70
25	66	0.2041369124733321	40	71
32	22	0.26358030682364175	83	77
156	64	0.5958879666298726	48	77
134	82	0.00241301134522387	4	79
107	121	0.3148266518710049	18	17
72	59	0.213503990987698	62	41
112	32	0.9971796519732443	7	83
69	154	0.8515107520576916	78	39
107	129	0.41984071478787144	18	84
72	36	0.621869898795193	62	44
111	41	0.6534490395383579	47	62
76	117	0.24228987252314216	88	100
123	46	0.0031026511856205863	66	99
144	21	0.6348776925818044	72	95
104	149	0.8783810307749501	76	23
125	152	0.8356663604625867	52	62
49	36	0.5397891800482443	51	44
56	48	0.8337592786689653	23	15
104	89	0.8427974959421313	76	65
129	106	0.9020560669112512	84	61
2	101	0.41239798988847665	58	33
117	4	0.5020224263148706	100	22
22	31	0.19179045343619394	77	63
86	82	0.3914450796987353	62	79
150	1	0.3513147420026581	57	41
102	66	0.9152778030525601	40	71
86	76	0.7957087327361497	62	88
142	92	0.663646625143108	16	39
17	145	0.5410030297000334	65	17
51	45	0.6211743481816203	28	20
20	39	0.03088745005322957	70	43
109	24	0.9199753592542128	3	76
62	31	0.5295200137513975	48	63
47	122	0.9791870691894641	53	94
132	97	0.9628623280632226	79	16
154	25	0.6116472615016914	39	40
143	32	0.7038820818183575	37	83
148	111	0.8983485614770016	93	47
106	48	0.6011893756644606	61	15
9	53	0.16240412635303703	57	39
6	56	0.8892760800166335	60	23
97	96	0.8295516632891836	16	63
35	152	0.3603243859381464	93	62
2	81	0.27462897722134194	58	33
100	129	0.9419920695255884	86	84
124	138	0.3484791078378443	29	62
109	106	0.9028415218501483	3	61
103	135	0.06000571530525711	27	11
132	118	0.8847610286463804	79	61
12	57	0.3633970447047725	1	27
37	7	0.17125371545896484	31	55
89	136	0.48902727622791575	65	95
66	130	0.26324389686779626	71	39
131	69	0.5742085685689293	68	78
11	64	0.6560865157783707	94	77
86	150	0.6324001968057735	62	57
114	106	0.30436938663047863	84	61
126	44	0.3503097399471412	50	14
101	65	0.40186770074807987	33	77
17	9	0.18886672165059915	65	57
48	98	0.9327831230890368	15	69
47	16	0.24460654795469827	53	96
142	147	0.3992658792156851	16	20
59	101	0.48084191313177727	41	33
75	17	0.33549183111780057	28	65
24	150	0.2437358456025781	76	57
102	126	0.33143853664240164	40	50
109	5	0.2968432842982647	3	22
128	49	0.20918406481177143	24	51
154	9	0.8086299582224622	39	57
25	133	0.4373943589881356	40	20
106	2	0.7277396454705523	61	58
134	157	0.5229521143124182	4	61
134	57	0.6118952695367964	4	27
9	111	0.5647918261339441	57	47
79	156	0.11902516754444781	100	48
84	145	0.725793402642687	9	17
79	143	0.5689918461934175	100	37
127	33	0.7349337772730593	91	54
103	115	0.7598363849751091	27	55
82	83	0.36224610693330384	79	21
52	71	0.3538668281389451	64	79
137	10	0.4448104347220093	56	48
79	144	0.03432973952737772	100	72
50	7	0.0895679552537686	89	55
129	71	0.1722983683157061	84	79
80	103	0.14425699790434743	84	27
99	131	0.8417442060641029	22	68
124	37	0.8545916766346708	29	31
5	39	0.7110230454883437	22	43
20	123	0.4277315468330415	70	66
59	103	0.5365220552863196	41	27
137	85	0.988011145669523	56	45
91	153	0.48499623019226634	80	97
93	129	0.4203154184276052	14	84
106	122	0.9421158559543688	61	94
90	139	0.2907792520913173	60	87
152	130	0.6154416067611217	62	39
42	81	0.6493932246976707	22	33
104	41	0.4272857041728232	76	62
140	44	0.6002537697884189	38	14
153	155	0.9347451389762239	97	30
136	101	0.11247278648607772	95	33
1	86	0.8836136545842406	41	62
103	148	0.16482999857789182	27	93
142	42	0.11331449831685059	16	22
32	78	0.13976699964522743	83	75
41	121	0.4290157499732614	62	17
27	54	0.500725379027827	19	7
13	92	0.581438223423328	95	39
101	148	0.8520124782315156	33	93
63	144	0.3611389858648545	87	72
144	108	0.808862399432096	72	9
60	153	0.3645902203472504	89	97
148	48	0.9452273535012109	93	15
117	100	0.2941113746374162	100	86
41	66	0.7649022855613787	62	71
37	39	0.05149365942172712	31	43
95	6	0.18433196773448624	94	60
154	13	0.33757739674619347	39	95
113	134	0.9898274844224701	18	4
43	74	0.37946696176862615	2	97
52	95	0.8950964621933346	64	94
27	77	0.349112324859699	19	10
35	137	0.3086319064764268	93	56
12	86	0.6938019101878267	1	62
101	115	0.21727955691572343	33	55
75	118	0.13441055013955217	28	61
19	45	0.4492384774942587	43	20
88	29	0.09193681956924327	58	76
105	44	0.8152436541187427	39	14
108	51	0.6230639604941792	9	28
155	8	0.5582685825763262	30	49
120	114	0.2342779982694232	71	84
75	4	0.9026362938441514	28	22
152	5	0.634101374046159	62	22
87	67	0.4859901202783705	68	86
70	112	0.5525187570287428	58	7
17	120	0.5498010220954098	65	71
51	89	0.6499954195045873	28	65
90	2	0.03453912658159919	60	58
55	143	0.5337833730822201	74	37
144	62	0.7031035857911176	72	48
59	147	0.042991927754287396	41	20
68	38	0.00136661355694645	80	93
10	137	0.6268260461561725	48	56
153	89	0.4755676326927831	97	65
47	5	0.35869400463960777	53	22
8	67	0.5400518865425714	49	86
102	46	0.36517674666562083	40	99
157	131	0.520532061636393	61	68
122	153	0.16975699857368354	94	97
154	106	0.43171967750381746	39	61
123	85	0.32131321270907653	66	45
13	131	0.15348850028183547	95	68
23	137	0.8365979863361779	63	56
