sp1	sp2	symp	area1	area2
133	20	0.18610463551223955	67	90
18	135	0.1459617146091231	95	73
54	157	0.8512159800889075	48	2
109	17	0.4939436998953721	46	35
57	108	0.6106078358102444	100	69
51	44	0.8154183413816427	56	55
40	141	0.9492488666911691	81	16
71	136	0.11742847251213206	8	75
70	84	0.8802596116357115	58	46
69	16	0.8867050743188738	12	45
33	116	0.5509185610559689	7	96
61	132	0.1622499232079192	71	13
4	123	0.07800327716999966	54	50
60	51	0.8178320668831044	7	56
57	27	0.6372537403225751	100	99
121	18	0.04112460765079762	29	95
122	75	0.697150903171915	58	83
155	120	0.6743112647053918	27	67
67	80	0.05316973902840472	16	22
88	24	0.933186638745045	15	74
143	38	0.5034940462148948	7	48
142	33	0.6354826007758697	26	7
128	40	0.792407049775399	21	81
104	52	0.4700120815235459	77	87
152	37	0.920880101400066	94	58
142	62	0.8151188624972738	26	41
82	60	0.18411864709796932	12	7
101	55	0.48008034536116273	3	78
40	142	0.5629494758766884	81	26
145	36	0.7318212659308035	70	89
90	51	0.9794107887666441	1	56
148	11	0.34384952202726915	64	29
129	53	0.21661784333937306	93	59
39	12	0.023915491793083388	47	51
28	119	0.8310745094619345	54	47
40	19	0.9231790105736658	81	76
92	57	0.8863357416498744	10	100
104	21	0.042502303745968306	77	61
102	4	0.9391005088042409	60	54
122	16	0.49964133815166756	58	45
57	8	0.7424925593982461	100	62
100	150	0.7718154962554497	73	30
116	25	0.3118261831596246	96	94
21	105	0.7288200692707675	61	93
25	138	0.5798641988963276	94	64
24	125	0.11936178339744352	74	35
131	88	0.7911755735457995	28	15
127	115	0.7877150771364808	60	19
155	17	0.8669585664404686	27	35
117	39	0.2553241439088709	59	47
52	37	0.8864232982148953	87	58
107	74	0.45605523899389466	32	1
139	50	0.8328227062238385	66	30
150	94	0.27470776557152843	30	1
127	112	0.4081459716442507	60	48
49	149	0.6247032917668388	47	58
124	116	0.6364598786163252	75	96
65	105	0.26463130704390725	60	93
72	39	0.2447639844446423	97	47
138	4	0.41213839704567057	64	54
140	107	0.02843082352718662	27	32
123	72	0.7257676646762318	50	97
136	82	0.1687827647677872	75	12
93	10	0.058089396868703846	69	14
73	55	0.9650142692367099	80	78
112	36	0.2048828176130978	48	89
34	11	0.07804689219429306	84	29
44	107	0.7798591027271734	55	32
135	111	0.15649420964650673	73	87
146	60	0.19266136400637723	54	7
142	18	0.7237476799465618	26	95
47	84	0.5814518841185822	30	46
90	3	0.011686854434072136	1	64
137	30	0.6936056939399576	58	25
30	97	0.8975336494488626	25	36
83	19	0.40040864682517896	41	76
75	65	0.6044924739632199	83	60
7	80	0.9970784091549221	41	22
95	24	0.030798309021484616	13	74
143	129	0.6906447847784901	7	93
16	60	0.9086950679909048	45	7
145	29	0.22155741997827738	70	15
22	91	0.25870252227169244	21	59
26	37	0.5088052569836716	15	58
119	1	0.7749704575997156	47	69
43	52	0.18100740414682548	27	87
84	105	0.1287418729058002	46	93
102	136	0.7575997056863651	60	75
96	26	0.5024487665610197	70	15
114	64	0.05147963356865237	36	3
120	133	0.992561002863819	67	67
115	26	0.8328470976258409	19	15
99	144	0.9733033773470644	1	91
82	84	0.832152201885871	12	46
31	37	0.7999989986261796	98	58
23	134	0.7770619570690168	98	40
75	99	0.13725006080028246	83	1
66	112	0.9569093256843226	99	48
113	101	0.3434770948778537	8	3
117	150	0.26358866465413744	59	30
58	61	0.5815815677006136	43	71
2	17	0.5287126365555701	26	35
93	29	0.9794365818756151	69	15
19	59	0.4716182171498048	76	35
16	120	0.8784963467321069	45	67
147	90	0.6532596820403288	65	1
71	42	0.648652328540025	8	92
58	71	0.33413846636752564	43	8
88	79	0.5727479188003989	15	87
130	154	0.4361165313591858	84	8
50	64	0.9975056621401672	30	3
134	144	0.988047257276946	40	91
69	62	0.6506730527054605	12	41
47	114	0.8473640488644513	30	36
70	25	0.13111614834077756	58	94
31	105	0.8542704353827375	98	93
156	127	0.7490190801979407	35	60
149	142	0.9630432631171453	58	26
154	19	0.5707227780050218	8	76
150	29	0.5802959374367104	30	15
107	124	0.21191199882727585	32	75
13	26	0.3607089595596298	46	15
131	103	0.035429527542902295	28	62
151	28	0.9467602319103852	23	54
81	128	0.5563950379062405	28	21
49	137	0.5320104296336431	47	58
119	118	0.9154218478997211	47	38
26	142	0.6993056752158001	15	26
80	45	0.9737163699490999	22	33
117	46	0.39920224027181994	59	41
57	64	0.921388257697924	100	3
154	84	0.12540543941918725	8	46
91	138	0.8120774066257244	59	64
149	132	0.04203131772867841	58	13
87	60	0.9477255250286043	12	7
50	39	0.3013074333697987	30	47
112	59	0.2989055580337917	48	35
82	157	0.8746762727986305	12	2
126	37	0.7125095231350339	95	58
36	139	0.6605477182167216	89	66
84	81	0.42469472545218045	46	28
137	93	0.6329456042837808	58	69
113	51	0.3238587246715722	8	56
57	155	0.35952054301006786	100	27
28	129	0.9129775802934871	54	93
59	98	0.43840750860246547	35	7
142	111	0.7835646633825676	26	87
25	70	0.5392633947762846	94	58
79	139	0.16487632103396133	87	66
26	144	0.27749518518608907	15	91
10	141	0.9240093422165633	14	16
55	13	0.199476154644311	78	46
87	1	0.457920909621376	12	69
99	157	0.9249513413242714	1	2
46	133	0.8495593377976589	41	67
57	74	0.8312309843037814	100	1
34	157	0.7842289529198596	84	2
100	89	0.4415550547381474	73	3
146	59	0.7497681938008023	54	35
138	156	0.1750281009639667	64	35
14	15	0.44757050324448333	41	34
74	17	0.6696382376195842	1	35
151	102	0.5557152922603209	23	60
101	94	0.4581794805962819	3	1
150	76	0.7510025653303418	30	89
138	92	0.7987557009080194	64	10
98	41	0.48708384272207894	7	16
134	70	0.9626578222086095	40	58
147	106	0.47554453049732925	65	15
47	62	0.24681956607178768	30	41
39	144	0.10193304999989916	47	91
31	20	0.7312496597967052	98	90
91	10	0.11441237133536719	59	14
108	49	0.6698374799540929	69	47
12	90	0.5480505655368376	51	1
106	108	0.42176372525672534	15	69
110	86	0.03494960031536143	15	7
41	42	0.11660602633998007	16	92
73	94	0.706004117872871	80	1
68	90	0.279604093978291	8	1
62	20	0.13616037986514706	41	90
55	53	0.9130729492427597	78	59
34	14	0.21146506486918626	84	41
50	63	0.35992075593191664	30	40
12	79	0.6102321089847933	51	87
122	66	0.8601947190590546	58	99
4	71	0.40439014426539965	54	8
126	40	0.5241988480954436	95	81
130	71	0.18658855835271337	84	8
74	5	0.9935657600963669	1	91
125	93	0.25671771006217725	35	69
69	120	0.6694952872135737	12	67
44	38	0.5761097810598591	55	48
18	21	0.11189381180571922	95	61
32	70	0.16362056459426955	73	58
33	118	0.6263646712799088	7	38
147	41	0.6362831338505192	65	16
129	153	0.8658979296789272	93	50
75	77	0.09011723036681962	83	72
13	136	0.027139937221167587	46	75
41	34	0.39926532885643484	16	84
136	125	0.24497562177393628	75	35
43	60	0.3382390635682829	27	7
62	64	0.606409425745844	41	3
77	70	0.16620853006091685	72	58
80	107	0.8157483247044374	22	32
124	22	0.10308272386358541	75	21
152	117	0.3897503282141368	94	59
70	57	0.7017016896675334	58	100
7	99	0.3563954937106406	41	1
41	7	0.8178365276628669	16	41
27	149	0.42408040263664526	99	58
19	67	0.6780659085500186	76	16
2	19	0.2933306870356126	26	76
108	19	0.29957763500673673	69	76
2	59	0.43989605966194767	26	35
136	145	0.8204765581105198	75	70
92	125	0.5671528147655245	10	35
138	79	0.08842032341266759	64	87
30	87	0.724167724131261	25	12
136	32	0.8439236251379679	75	73
37	72	0.12418584884933892	58	97
138	132	0.9439768306571942	64	13
62	29	0.47695182135351843	41	15
75	67	0.5989458730192095	83	16
55	155	0.4913717533440076	78	27
70	32	0.0786134903980572	58	73
58	90	0.9236006203481385	43	1
133	69	0.5905263526675264	67	12
79	135	0.677430269934637	87	73
67	52	0.18040066445699898	16	87
66	33	0.15380576430242054	99	7
12	16	0.8930911001643033	51	45
138	92	0.43336908552435094	64	10
109	131	0.10916580719468294	46	28
46	141	0.6468118675639917	41	16
155	41	0.08982610720468387	27	16
103	131	0.04820890849799664	62	28
11	70	0.06564644654315388	29	58
21	10	0.4955362025728396	61	14
143	88	0.15207468349101827	7	15
59	45	0.7466091413575494	35	33
67	91	0.6340829856234069	16	59
30	64	0.8907977647956279	25	3
97	143	0.3471395880251905	36	7
11	1	0.9404617068646093	29	69
110	129	0.44912929660546774	15	93
114	148	0.6695886209231922	36	64
102	123	0.567807935142408	60	50
137	3	0.7102448598572392	58	64
92	25	0.29587633782482237	10	94
73	139	0.43966265588731557	80	66
142	12	0.9246638118380385	26	51
74	138	0.16533198078393485	1	64
92	93	0.2092024018550438	10	69
75	111	0.9521837274055983	83	87
55	112	0.38231058178821553	78	48
38	4	0.781322358890417	48	54
144	53	0.8520391131975668	91	59
68	12	0.059231651506502114	8	51
143	29	0.6903628139449084	7	15
62	40	0.666145380216463	41	81
75	124	0.22780443003367212	83	75
92	112	0.4084635169837939	10	48
104	153	0.2239413020268326	77	50
10	107	0.44326429000886713	14	32
138	69	0.22234589664628346	64	12
108	42	0.5990581615087341	69	92
21	107	0.3512357581403468	61	32
118	20	0.7824681559528199	38	90
57	84	0.8922913371546902	100	46
140	99	0.07540468841361758	27	1
33	132	0.16270054813723722	7	13
63	64	0.2502094117206656	40	3
25	20	0.2104584265113295	94	90
53	131	0.7996372707057008	59	28
20	57	0.8446418999307245	90	100
135	96	0.7467834965520008	73	70
150	111	0.6557069413180081	30	87
89	143	0.9492166548066724	3	7
13	106	0.12065783734888924	46	15
44	130	0.38516027563905	55	84
125	71	0.3064863028554061	35	8
81	64	0.36424375795123665	28	3
42	29	0.9750916731533146	92	15
17	14	0.008669905824598811	35	41
36	48	0.3158902877947136	89	66
56	48	0.6037876320027258	90	66
132	11	0.25219651905270846	13	29
93	157	0.7289384428617967	69	2
154	55	0.5515296343086163	8	78
74	120	0.655087571939553	1	67
67	10	0.736357812872577	16	14
132	85	0.18275737668581893	13	42
4	88	0.9203489113177326	54	15
33	88	0.8246268404858789	7	15
112	68	0.21564486327125987	48	8
27	17	0.5258031519370475	99	35
30	62	0.9994140631012255	25	41
72	108	0.861957361538801	97	69
156	36	0.5790710266775722	35	89
103	60	0.735431451632885	62	7
122	51	0.5182529156252461	58	56
153	118	0.26551764633169406	50	38
80	19	0.6944174505269586	22	76
98	75	0.6801828917555399	7	83
50	88	0.09219103219058289	30	15
130	99	0.11375498546851803	84	1
126	31	0.8431855413069869	95	98
85	70	0.4785926500710963	42	58
91	47	0.882951329039094	59	30
93	143	0.7507642896708211	69	7
20	69	0.3866933209448651	90	12
115	100	0.9783724171715871	19	73
71	92	0.9981661966763984	8	10
100	145	0.5911529330908961	73	70
79	57	0.9645107147967454	87	100
40	29	0.6042657515518702	81	15
81	153	0.6936886206220008	28	50
98	12	0.9823338315995414	7	51
80	32	0.08594987528848363	22	73
18	74	0.9732287599484999	95	1
37	127	0.4866118565898271	58	60
24	14	0.14285912681431656	74	41
4	88	0.21482359254046102	54	15
12	11	0.4136330235590725	51	29
152	56	0.30547904279976446	94	90
110	83	0.7121957520085104	15	41
101	87	0.5311411218455377	3	12
77	147	0.4108376304224661	72	65
8	144	0.36862731985602426	62	91
5	121	0.5391764194941322	91	29
12	114	0.7189958127193502	51	36
24	7	0.3387246457951796	74	41
136	20	0.3895094814148412	75	90
28	65	0.565491558372337	54	60
25	42	0.8481470946367043	94	92
48	100	0.42890833444932885	66	73
103	86	0.42572023441654494	62	7
95	6	0.7080279410116649	13	49
4	121	0.9210534572577718	54	29
115	83	0.29604489065743544	19	41
17	97	0.44638690991889696	35	36
102	30	0.09244603765444381	60	25
101	111	0.7089382278849446	3	87
91	12	0.11785405291201101	59	51
64	97	0.35134758246676867	3	36
12	23	0.6690026066344408	51	98
73	84	0.1799887317719452	80	46
117	154	0.664063154685718	59	8
56	99	0.6836355889092004	90	1
9	64	0.9403520673574801	38	3
60	24	0.9224246932883169	7	74
19	7	0.5224257739819506	76	41
145	46	0.09395757355684065	70	41
7	76	0.6107108178449793	41	89
40	81	0.02920364707187706	81	28
101	35	0.10106079214246577	3	58
94	107	0.8329834323318017	1	32
7	51	0.8658465196133095	41	56
31	117	0.5145718819631707	98	59
53	38	0.8690901169101356	59	48
22	18	0.3787148579025138	21	95
19	157	0.27642268963441385	76	2
14	23	0.2837844304584187	41	98
142	73	0.7167734720049403	26	80
99	71	0.5521201670014075	1	8
74	31	0.8681468551935378	1	98
9	121	0.7431657765432478	38	29
71	19	0.5246584292034608	8	76
92	57	0.7971125405987006	10	100
134	123	0.3478176318757805	40	50
102	123	0.6909160780918251	60	50
122	126	0.5283589889731871	58	95
88	1	0.1892421427941111	15	69
29	34	0.43685625688731944	15	84
