sp1	sp2	symp	area1	area2
25	32	0.6481190539701158	58	1
33	76	0.16689700366644844	26	75
108	148	0.9426461828442297	11	23
57	111	0.4888292436379711	91	13
129	82	0.32248906165221547	78	25
157	153	0.6953496483637408	73	39
66	120	0.4999854968461749	32	90
62	92	0.23933907272015353	9	74
13	88	0.8390915277806765	51	83
41	16	0.35518044012550887	6	22
18	149	0.32168911806481926	18	39
88	84	0.750847314215262	83	69
133	80	0.2364362801761405	53	19
6	37	0.0556752782734804	28	77
135	1	0.8498463969309563	67	80
12	11	0.669659953807849	78	63
51	105	0.5268027128766735	20	24
23	27	0.4313747988471749	62	42
47	129	0.5544580435077554	11	78
131	134	0.6564273251227503	97	96
67	64	0.8830191532401346	19	48
45	126	0.29585865181453097	73	13
135	62	0.7133626125197039	67	9
40	18	0.24807686533359896	19	18
78	52	0.44976202554576084	91	64
113	149	0.3830458831675436	90	39
123	124	0.922617495051975	96	16
92	126	0.6081687154768284	74	13
92	4	0.47996414558598866	74	19
148	33	0.9649239846703991	23	26
51	130	0.07050328071105794	20	21
5	28	0.4507350086960319	47	84
42	24	0.272376729055962	70	40
20	77	0.1390775098551531	15	15
30	103	0.3390538572453542	52	41
118	49	0.8053937990227198	1	32
10	100	0.2158031578014138	68	46
54	79	0.09719521682293308	12	99
24	122	0.23910572695635512	40	57
3	148	0.5686176141709333	88	23
58	130	0.04201144834041248	29	21
151	36	0.03413218492057757	95	94
8	27	0.6773999379926935	86	42
101	58	0.8084575298574134	11	29
40	130	0.9980819157589909	19	21
136	145	0.08869041837201408	22	79
45	144	0.2070492288335195	73	68
82	73	0.7508881833603849	25	36
125	109	0.6401824270630398	42	3
91	25	0.21673203077153158	85	58
80	81	0.8643899993416624	19	34
85	138	0.15260995966238855	10	7
12	117	0.9437482663233797	78	44
19	12	0.41467444846118995	87	78
120	44	0.7786847879987139	90	65
38	123	0.8947226517364217	92	96
59	43	0.29988656711888784	26	86
95	86	0.1501558109810852	47	50
91	108	0.008683201670232621	85	11
121	62	0.5826534495720259	38	9
143	65	0.46059636394220205	89	100
61	125	0.9238255748129023	48	42
124	155	0.3001218552323699	16	28
136	60	0.9936127493578323	22	78
139	69	0.332618530125669	72	57
63	129	0.3817450281969563	86	78
59	53	0.10950893946415952	26	72
36	76	0.24259846022182852	94	75
58	11	0.6385726261093171	29	63
6	44	0.4221071046257815	28	65
105	133	0.5739831337341049	24	53
77	5	0.27854919260345146	15	47
24	135	0.24526255646838901	40	67
104	39	0.8120233741756427	54	1
52	82	0.06963668518536903	64	25
115	100	0.2653710477350525	35	46
87	137	0.05726879668165685	28	97
14	125	0.6362951885733807	39	42
23	68	0.5080104495168948	62	54
126	150	0.6252995585057558	13	17
148	112	0.006386452476366489	23	77
12	32	0.38041412564540256	78	1
18	130	0.9178971859288498	18	21
75	109	0.5896692846775973	73	3
91	131	0.22168367618620222	85	97
137	121	0.4178507767558224	97	38
114	90	0.1554155539381683	2	17
116	69	0.45365975500057065	19	57
41	111	0.7556097696201967	6	13
157	21	0.40858470489346765	73	75
85	155	0.8633978495294707	10	28
39	97	0.7592837745259098	1	11
142	153	0.7074799375767118	2	39
41	90	0.16693557387299784	6	17
7	78	0.07222455971952313	49	91
48	126	0.4977981967309244	24	13
33	78	0.946119712985415	26	91
35	155	0.5390840134792019	89	28
125	45	0.8599318312594755	42	73
121	120	0.5315493641950378	38	90
25	82	0.019834903116639047	58	25
14	2	0.2420343401236038	39	10
122	62	0.5601135670422916	57	9
83	71	0.8782014996327382	99	14
26	67	0.0771745874289218	41	19
117	133	0.41665701345962236	44	53
92	128	0.35106542714379163	74	13
50	19	0.22297553047705754	17	87
27	115	0.8630824972250896	42	35
32	29	0.24539212119736042	1	88
40	89	0.5437517271824095	19	32
78	137	0.48975514715445945	91	97
104	123	0.9373291750247953	54	96
68	114	0.1847443014386636	54	2
94	98	0.3066474828822794	26	14
67	82	0.3216486002500283	19	25
11	36	0.33139616113005455	63	94
125	84	0.4674555159154654	42	69
9	31	0.11837019177161046	93	60
121	71	0.46603521269009207	38	14
141	100	0.8176971242180413	66	46
151	23	0.9982872607357625	95	62
114	9	0.6984053350339832	2	93
110	92	0.3079484125109948	97	74
4	13	0.1920531253164306	19	51
117	9	0.22410628607436356	44	93
63	91	0.24535666274807477	86	85
39	9	0.109769566941891	1	93
126	97	0.1857398763982515	13	11
134	132	0.26121705171904497	96	73
31	12	0.9394592152600916	60	78
31	26	0.7261418129478676	60	41
133	124	0.7237960714591585	53	16
79	133	0.8271341002645515	99	53
128	73	0.1447703033182216	13	36
65	137	0.49167673051271066	100	97
147	33	0.7877773463654132	87	26
65	61	0.13493448678068443	100	48
87	118	0.6019898041968385	28	1
113	93	0.7091200583784845	90	78
93	46	0.781403732932021	78	20
41	40	0.6863504771502097	6	19
140	110	0.15956107574304923	100	97
109	7	0.8854761059204816	3	49
110	92	0.733330782282565	97	74
60	61	0.6424737160556419	78	48
110	145	0.502679072172518	97	79
26	139	0.8750829246940344	41	72
81	82	0.3087776791591601	34	25
93	45	0.2601236272926071	78	73
144	100	0.49267978244325916	68	46
136	32	0.06456098965483581	22	1
90	17	0.09743487255497318	17	60
115	110	0.06026443651283764	35	97
147	33	0.4259986442908764	87	26
102	48	0.01325099473859126	5	24
124	27	0.3436218063186487	16	42
106	87	0.27463030628082685	65	28
39	77	0.11097189366432247	1	15
3	33	0.25236725575320884	88	26
91	106	0.5761458277991869	85	65
112	69	0.7427618267753956	77	57
87	143	0.30871980373375185	28	89
16	89	0.8127980207392917	22	32
44	94	0.48268517791533916	65	26
60	48	0.28706988828984414	78	24
150	57	0.9780936947346559	17	91
4	132	0.3621297214779947	19	73
3	150	0.39983714547870575	88	17
73	119	0.19534622936216273	36	60
124	145	0.2834255590099214	16	79
120	115	0.9960165531761311	90	35
121	102	0.019557407740659394	38	5
137	155	0.4778938583727522	97	28
96	130	0.1950221299443018	15	21
108	67	0.7836662401312605	11	19
113	120	0.046816101826474776	90	90
11	91	0.31905865793698673	63	85
38	100	0.7451413268973863	92	46
139	28	0.5727412051492173	72	84
15	59	0.7899987756326056	34	26
62	61	0.0972779545108663	9	48
121	141	0.08386207531734402	38	66
1	59	0.2628956064329804	80	26
78	112	0.8134059332131064	91	77
85	83	0.9044957305901408	10	99
82	128	0.16425483201803304	25	13
52	124	0.4231227225394738	64	16
147	90	0.3976740331260905	87	17
4	107	0.3595593477259491	19	78
43	94	0.3473387612346134	86	26
26	80	0.3997390058960215	41	19
115	102	0.06599804848996838	35	5
92	155	0.6020388298532815	74	28
5	67	0.2594816218519074	47	19
32	155	0.7508052708177713	1	28
61	19	0.10854181084865788	48	87
1	66	0.8722297391512854	80	32
43	50	0.5050580443195147	86	17
13	128	0.00661125050107203	51	13
59	48	0.0003321264072503327	26	24
86	33	0.5881045553255545	50	26
18	22	0.7312960115030823	18	13
134	34	0.30828041354623814	96	52
74	149	0.22480761613541633	77	39
17	99	0.42923895134072165	60	89
151	84	0.7326966396631424	95	69
73	94	0.5609678253467921	36	26
12	156	0.7612604064834667	78	17
120	123	0.21510533816948474	90	96
118	97	0.6017641213514985	1	11
118	43	0.5509280073423231	1	86
71	139	0.9223113969162091	14	72
45	58	0.11884694998613499	73	29
58	126	0.15213629323049205	29	13
44	25	0.7782564893236936	65	58
115	80	0.7621109199508176	35	19
75	41	0.6187000303515278	73	6
41	150	0.8728350207129794	6	17
17	13	0.9004897327834863	60	51
60	59	0.43428650789954715	78	26
109	117	0.9164373539332048	3	44
47	74	0.1477164784780024	11	77
118	77	0.42025713794949726	1	15
72	136	0.22524017028063903	21	22
128	48	0.47238185290845713	13	24
116	134	0.5848578248612314	19	96
119	18	0.13152454107224687	60	18
101	19	0.4796949211224858	11	87
64	89	0.6085915746425731	48	32
49	154	0.7025329129273957	32	29
138	103	0.015753182250565656	7	41
99	21	0.6766323321273328	89	75
33	21	0.9765236096393383	26	75
43	82	0.7166974098979396	86	25
62	138	0.21232203089412893	9	7
15	37	0.8591164484403391	34	77
133	88	0.15094302477627897	53	83
41	107	0.3294696801063438	6	78
98	107	0.7008800632409995	14	78
94	22	0.4581821785210811	26	13
153	71	0.2414982578643876	39	14
70	9	0.7151434571193886	50	93
88	95	0.5673724770552198	83	47
115	154	0.3672788607561368	35	29
155	149	0.7157041774113815	28	39
129	27	0.4909619637381851	78	42
76	13	0.32291341208519775	75	51
20	127	0.45243946203540675	15	39
18	71	0.34600978237838254	18	14
57	139	0.303777159022944	91	72
84	43	0.7916641822966889	69	86
105	57	0.38321587658378653	24	91
66	148	0.6677526374845674	32	23
108	130	0.6817979747733223	11	21
85	54	0.7157007320641533	10	12
73	19	0.4352755340538148	36	87
84	67	0.7980027417276024	69	19
63	127	0.007567054620149838	86	39
110	89	0.8117507423062692	97	32
18	7	0.4861172055364128	18	49
26	101	0.9744650494740382	41	11
30	108	0.7527132549558915	52	11
42	57	0.2927744103622315	70	91
73	147	0.7022525512545181	36	87
107	71	0.1125164030332324	78	14
81	101	0.4657885807803681	34	11
18	31	0.042740028198361424	18	60
143	79	0.11053792494951675	89	99
75	127	0.44008720905884413	73	39
39	121	0.6567920317753927	1	38
82	103	0.3075174287507475	25	41
157	21	0.9963125416091017	73	75
114	151	0.9483555412728678	2	95
153	109	0.3838770234496801	39	3
15	98	0.6315201463052018	34	14
141	112	0.05009293010046134	66	77
50	98	0.30895313983439143	17	14
68	47	0.9124100495358053	54	11
99	67	0.06906219946742387	89	19
153	29	0.9985839802772014	39	88
151	143	0.4702880114740893	95	89
75	32	0.9919586087456586	73	1
56	66	0.0806677898862348	81	32
10	149	0.5993239154091908	68	39
154	54	0.5576512247972543	29	12
105	93	0.8424573445174899	24	78
71	6	0.9111013824177812	14	28
78	147	0.0794878253361101	91	87
146	26	0.2044357295497654	48	41
152	129	0.12259417445020993	44	78
90	43	0.25735736622651695	17	86
32	48	0.23622087827123261	1	24
121	77	0.6224962299208809	38	15
64	88	0.13808585699350562	48	83
40	143	0.7647376741319603	19	89
12	60	0.6911512850724443	78	78
150	29	0.6880304343838838	17	88
117	99	0.735732020935073	44	89
93	19	0.01935455604911085	78	87
96	76	0.045509106373502695	15	75
23	77	0.17769649771463847	62	15
128	91	0.5511319300004269	13	85
22	124	0.752652468747676	13	16
119	139	0.979933308631154	60	72
34	121	0.1285472423956826	52	38
101	68	0.37325818235818486	11	54
15	153	0.7666281294527538	34	39
127	150	0.1724758274729309	39	17
34	136	0.7102888017145255	52	22
80	148	0.4653392380575493	19	23
44	107	0.18150214869669468	65	78
119	101	0.9762892470201884	60	11
19	147	0.16438528881676384	87	87
49	35	0.8353207043109468	32	89
93	128	0.9435432389793773	78	13
63	134	0.039852879850378775	86	96
107	52	0.5083326981711012	78	64
143	29	0.5377255496650456	89	88
102	51	0.9396717727472812	5	20
40	149	0.14806678911847626	19	39
77	133	0.7845689696408109	15	53
96	134	0.022904060793562553	15	96
74	65	0.645057694814725	77	100
155	39	0.4169485102466146	28	1
115	54	0.547467838944668	35	12
102	121	0.5160511071423814	5	38
96	149	0.49066362576890954	15	39
148	18	0.6813067598543192	23	18
97	98	0.35671255741281316	11	14
119	133	0.6960292086576849	60	53
6	153	0.12468416186046105	28	39
48	89	0.9364184019980336	24	32
51	121	0.029870529996373407	20	38
70	112	0.006346772219796071	50	77
51	15	0.32648742785864726	20	34
54	146	0.031554085002272636	12	48
46	69	0.24704232332634313	20	57
115	86	0.1829011925387748	35	50
133	124	0.315977395011121	53	16
155	47	0.18800093193922696	28	11
119	112	0.8238436087464375	60	77
107	16	0.6445575192343255	78	22
27	29	0.006437111915726379	42	88
60	65	0.24309979220134625	78	100
54	70	0.15558752456125557	12	50
65	89	0.44243529564532313	100	32
43	147	0.5108981761086193	86	87
126	115	0.41414051109784666	13	35
79	132	0.9805596794210308	99	73
21	90	0.5356781393295981	75	17
121	131	0.16769225770303398	38	97
151	13	0.6138846923977048	95	51
102	1	0.41906218039092147	5	80
102	113	0.037205163002759334	5	90
42	65	0.834084999800443	70	100
37	123	0.5169978888635633	77	96
22	106	0.36064624209282414	13	65
102	23	0.09493667109358528	5	62
121	92	0.03599941423656883	38	74
57	22	0.8555256596837452	91	13
30	115	0.3618312215041597	52	35
24	22	0.7092949643815124	40	13
85	47	0.2135274758075303	10	11
16	86	0.1564646036190951	22	50
80	88	0.37573258962696143	19	83
146	84	0.7258908038676285	48	69
91	129	0.46172240125919906	85	78
68	64	0.5519889357431733	54	48
31	26	0.35817942272278513	60	41
125	110	0.5729663540562516	42	97
102	142	0.43914557056522974	5	2
113	133	0.1641349347878016	90	53
26	130	0.9995913886024664	41	21
31	131	0.04233294937746768	60	97
64	149	0.6504590232100047	48	39
