sp1	sp2	symp	area1	area2
111	44	0.38283293050492795	99	39
25	90	0.21547081513812305	95	39
18	13	0.5161251708439548	47	49
110	92	0.0437554688905315	29	3
57	31	0.04821052337807741	41	40
100	61	0.2331400726241296	23	74
116	22	0.750515215082897	39	70
148	41	0.9927720804410174	82	8
45	89	0.9065173760519329	8	68
110	71	0.5507106646357725	29	80
50	90	0.6581020054109333	15	39
39	14	0.3431650460088138	91	31
81	154	0.45992532930708363	52	87
137	31	0.7824315739385145	3	40
35	13	0.5099055129895869	28	49
111	76	0.03550321611503271	99	9
67	24	0.8718478149550217	91	66
140	148	0.5045622603820374	32	82
114	132	0.7184672703465241	25	40
90	123	0.6626289134743788	39	7
100	17	0.1020832561704842	23	13
68	72	0.46089625216556085	15	83
119	122	0.14055458953888322	81	59
76	32	0.5351049786549424	9	68
18	121	0.7987771597267372	47	80
103	45	0.529602547738146	19	8
99	103	0.8773986815405659	15	19
50	87	0.4019355235680656	15	5
122	35	0.8966263728104167	59	28
14	90	0.4509177571455558	31	39
132	4	0.9426032122167917	40	75
77	108	0.029005011350718757	19	20
58	83	0.6240107516102765	91	36
139	97	0.329530068279692	6	76
87	17	0.433144568915274	5	13
80	96	0.804993704915545	13	45
22	156	0.43221576476917056	70	52
27	38	0.34807954586082346	78	23
39	125	0.7601651623203718	91	46
126	44	0.3139536588401495	54	39
60	149	0.9279067632856095	33	76
31	136	0.5294330390451345	40	77
147	78	0.33966154038173824	46	48
145	42	0.6750382813439337	37	35
144	33	0.4710001756789667	11	48
10	64	0.08227418045798551	47	27
33	150	0.7859242919287415	48	82
144	52	0.5938194960590705	11	21
94	137	0.4394061740893431	47	3
15	141	0.17926457117221795	31	91
108	83	0.2014344650409149	20	36
64	46	0.5333273232994671	27	43
5	130	0.06505482468075863	82	34
126	111	0.1269820301989325	54	99
134	41	0.8733055617757035	96	8
96	99	0.3226750749906234	45	15
3	43	0.5975632684619779	8	75
39	13	0.43095979696227704	91	49
50	58	0.9209042253189526	15	91
90	27	0.6249383332718188	39	78
28	103	0.24988894448760468	1	19
61	87	0.19189926391731993	74	5
29	41	0.4129624101761873	39	8
157	101	0.18966733609273412	74	65
53	103	0.9694904062428158	61	19
123	62	0.20542628626100423	7	54
54	89	0.7301432062041849	21	68
100	15	0.4627975730277065	23	31
61	139	0.5837899278627342	74	6
98	146	0.6737814481736968	75	11
38	127	0.0383518554821517	23	48
54	52	0.9562372420468433	21	21
67	91	0.001279753687505547	91	29
119	151	0.4226534657369958	81	35
65	42	0.2111072522587455	34	35
29	42	0.5262742024273406	39	35
146	52	0.03868542743088965	11	21
12	140	0.3950587551226188	79	32
113	102	0.10377375118403487	66	93
60	30	0.9119535396258103	33	91
53	11	0.6337494525657997	61	27
45	94	0.5585762744789387	8	47
25	26	0.026927973968427943	95	13
119	86	0.25254929144786464	81	3
114	106	0.5524805252171867	25	42
54	141	0.2883643393621619	21	91
72	70	0.4123483327701448	83	82
15	31	0.26579277221270203	31	40
110	65	0.03196355646694726	29	34
79	72	0.6000316839552624	18	83
16	32	0.4016163351329708	41	68
71	134	0.4832578741564043	80	96
86	90	0.5177817259565755	3	39
7	29	0.458026217943757	83	39
122	119	0.7882875207026363	59	81
65	130	0.4171926640514353	34	34
50	157	0.7801869387362622	15	74
16	127	0.11170969363693517	41	48
79	5	0.6331104867215793	18	82
72	92	0.2190868875427714	83	3
63	82	0.7510406556366619	37	71
61	53	0.760760098912226	74	61
61	8	0.6226948510901676	74	70
144	57	0.7967032033761584	11	41
18	65	0.6009907161515201	47	34
45	116	0.6444652028118093	8	39
84	35	0.2228340928420146	21	28
112	44	0.5343393033409419	77	39
71	81	0.7586409012501008	80	52
56	7	0.6531279503568693	52	83
79	135	0.9070767537766881	18	5
77	57	0.608338043796942	19	41
63	78	0.21279029119986215	37	48
103	62	0.5897216902479306	19	54
53	147	0.7962298257295051	61	46
144	112	0.6348706250622917	11	77
99	91	0.7083207504692796	15	29
117	146	0.30372891452277695	94	11
54	128	0.12342677683785586	21	39
7	85	0.869572347064273	83	92
75	41	0.6775233469312557	51	8
46	19	0.3738406310277449	43	47
130	155	0.14352485785852265	34	19
134	106	0.5656323774632293	96	42
67	78	0.043304590420258915	91	48
98	147	0.8388968901421172	75	46
4	10	0.10470557679198667	75	47
20	29	0.8694379925110026	30	39
25	75	0.3314442417798692	95	51
137	101	0.2139635632634206	3	65
5	59	0.4524377152230348	82	19
89	37	0.1042160438342602	68	68
52	25	0.06370229554228102	21	95
65	84	0.1208696775140986	34	21
53	96	0.8987017525164941	61	45
58	107	0.8595385068817187	91	21
9	51	0.9787670426364085	14	77
92	101	0.6809130485280741	3	65
10	52	0.4472536387058197	47	21
20	13	0.37346739595595657	30	49
114	58	0.19694929700731523	25	91
127	120	0.6316947209499081	48	57
12	102	0.9308608866067108	79	93
147	137	0.6957271014146583	46	3
6	15	0.9019957639439922	60	31
156	34	0.529114754674108	52	29
61	50	0.807548304837966	74	15
145	133	0.408409335036903	37	92
88	128	0.6134950651148654	100	39
8	129	0.28119596731354335	70	94
139	12	0.5468564988909165	6	79
60	66	0.31867863583352496	33	50
67	123	0.44516227725278257	91	7
151	95	0.252826435855139	35	23
56	138	0.6272984242457975	52	75
47	50	0.46336688264399306	92	15
157	133	0.17679812511129567	74	92
142	82	0.3749322464421506	56	71
147	81	0.823709103356431	46	52
96	126	0.11199527678625643	45	54
93	17	0.1476264045595398	87	13
59	30	0.3616514769355188	19	91
22	141	0.880797618433096	70	91
22	51	0.8459830168262752	70	77
48	1	0.4122027572126079	88	3
6	8	0.17002462281963504	60	70
146	111	0.9402886251712871	11	99
46	8	0.1583399798608215	43	70
102	141	0.7410045048837482	93	91
49	16	0.9849125762124934	18	41
121	4	0.35277534843543645	80	75
2	72	0.6839296833791039	66	83
93	8	0.005477447556252457	87	70
2	108	0.9714361695394423	66	20
104	118	0.8750233484439106	8	66
124	84	0.10212202021422201	70	21
80	24	0.7696191530216216	13	66
47	113	0.12949201604261718	92	66
128	94	0.20500984906277486	39	47
40	155	0.5280905233013174	77	19
67	4	0.5360737971860084	91	75
152	70	0.5735840229266541	7	82
155	146	0.7026282474118192	19	11
61	138	0.382168853448995	74	75
19	60	0.8837519064585414	47	33
8	83	0.5226591755644111	70	36
146	119	0.0719595906337459	11	81
24	34	0.11528441569050862	66	29
125	153	0.5469857679808935	46	83
55	56	0.5354792507284304	66	52
120	152	0.18849480510905747	57	7
111	108	0.4011309523581673	99	20
149	96	0.27636346079416885	76	45
154	6	0.013753975827602516	87	60
48	56	0.7559421629889259	88	52
85	61	0.5203237013494144	92	74
78	93	0.8385637925527981	48	87
73	10	0.0756799462378065	97	47
115	18	0.4874056658507524	60	47
35	126	0.8943335721030023	28	54
111	105	0.2706434297287532	99	91
22	104	0.2602486168506659	70	8
116	42	0.9771189561575749	39	35
19	78	0.02018531739917362	47	48
39	69	0.9163722769047496	91	73
79	145	0.37870298313938544	18	37
11	152	0.9645684129795687	27	7
78	147	0.7652257274947124	48	46
42	13	0.4318481451426922	35	49
51	50	0.6059674702185541	77	15
116	50	0.7992124239628096	39	15
92	7	0.10906269913121058	3	83
96	1	0.8910513283169057	45	3
47	80	0.3811678192156974	92	13
65	37	0.3425452621299713	34	68
43	33	0.4540669181919761	75	48
73	85	0.999529024161617	97	92
91	23	0.12386032292326499	29	71
149	131	0.6173584214940325	76	63
132	50	0.5666801382894316	40	15
109	80	0.6259693900364849	77	13
124	31	0.9415146172909495	70	40
122	47	0.11829314988889739	59	92
11	143	0.3524873648226188	27	56
130	30	0.6430188643744197	34	91
50	56	0.7704044750450414	15	52
70	134	0.06033287513035157	82	96
85	151	0.23599760716337737	92	35
36	14	0.36922443994780263	77	31
21	141	0.07288803401812194	75	91
100	52	0.7236854375987657	23	21
92	127	0.33148042582538906	3	48
119	90	0.01810896864146938	81	39
12	64	0.6404441181992607	79	27
74	137	0.40616957186053904	55	3
26	100	0.8447323041914753	13	23
31	59	0.1606103744945292	40	19
86	154	0.41400550781038914	3	87
97	10	0.9362626770317041	76	47
18	15	0.6036260006390574	47	31
45	106	0.03831439537712589	8	42
149	37	0.016301238435014964	76	68
69	16	0.15439774371898307	73	41
20	92	0.13171040506409182	30	3
153	87	0.3812213495710979	83	5
51	133	0.9923337929928641	77	92
60	35	0.9586941026133058	33	28
92	148	0.7519142532227588	3	82
64	5	0.8890577502360812	27	82
40	30	0.20624461326691967	77	91
78	147	0.4696055920263975	48	46
94	35	0.5667208619310372	47	28
38	42	0.3386644320200459	23	35
114	65	0.21910841576654705	25	34
27	147	0.5938603043211689	78	46
57	113	0.6164858539557212	41	66
78	29	0.0911003706646466	48	39
59	58	0.6243460616021017	19	91
145	38	0.9077513318929215	37	23
123	51	0.23115103798124725	7	77
94	66	0.9574659341247436	47	50
114	43	0.21504051179895667	25	75
79	45	0.2154895680545975	18	8
71	60	0.250317698450482	80	33
57	81	0.49445489966920286	41	52
92	68	0.7266682688294864	3	15
38	112	0.3596887536264163	23	77
120	20	0.6827234635791015	57	30
93	17	0.03797164941071596	87	13
60	2	0.8909350806879459	33	66
97	42	0.40004747587112166	76	35
82	94	0.8220920668735632	71	47
65	44	0.9396980918461976	34	39
148	136	0.43679558340479174	82	77
89	105	0.6162879644460135	68	91
73	111	0.1254877330749813	97	99
66	60	0.35382408227231377	50	33
117	118	0.8284572582911813	94	66
75	137	0.04158698572819408	51	3
44	136	0.522864716663215	39	77
93	31	0.7515653142896038	87	40
124	43	0.17819324637305	70	75
33	93	0.13446899593834294	48	87
119	91	0.9120909124214354	81	29
27	99	0.33458974258497287	78	15
137	43	0.6809297041586628	3	75
144	18	0.5354152273028491	11	47
103	117	0.529950527273147	19	94
47	42	0.2043703354041484	92	35
94	46	0.7057007223992593	47	43
58	96	0.1970201128725657	91	45
136	36	0.31504421521873505	77	77
41	4	0.1858068531022552	8	75
112	20	0.18468500413680256	77	30
5	34	0.3134714460702829	82	29
69	24	0.5545334735897991	73	66
7	114	0.35447910115317627	83	25
11	101	0.4492868813503065	27	65
47	37	0.19583183626906564	92	68
137	70	0.00692296517102553	3	82
2	77	0.5587064310545724	66	19
150	42	0.85370838174179	82	35
50	51	0.4127498521879439	15	77
4	68	0.19891833949715043	75	15
134	99	0.4903156383017191	96	15
11	84	0.6928782649526699	27	21
141	125	0.027808917967428126	91	46
22	124	0.9101680285825924	70	70
13	28	0.4238605445190835	49	1
70	4	0.8905200752176997	82	75
67	40	0.5289945429283208	91	77
1	81	0.9399158504036556	3	52
100	16	0.13056306049344313	23	41
130	78	0.7789937708163787	34	48
114	151	0.23201914450673744	25	35
116	118	0.30129502609779935	39	66
14	4	0.3379642815221414	31	75
128	63	0.7814712956621498	39	37
50	10	0.6414538838129781	15	47
135	117	0.25662834459186024	5	94
95	46	0.9118511064364145	23	43
90	152	0.48850601866212995	39	7
116	123	0.08157068076975438	39	7
89	132	0.9413764212031233	68	40
143	77	0.35887227097541485	56	19
125	104	0.9827883725791293	46	8
44	81	0.5083577126826909	39	52
153	43	0.11442984832371395	83	75
101	55	0.7465860893647684	65	66
110	2	0.1151583884742573	29	66
92	149	0.08422675755044917	3	76
6	69	0.22711312656623028	60	73
64	37	0.805754748538999	27	68
122	96	0.9087296220057363	59	45
35	62	0.933609180588765	28	54
137	106	0.5746066959229849	3	42
14	155	0.08897506517183473	31	19
60	81	0.32853175734073936	33	52
32	113	0.36570825819939046	68	66
59	28	0.3954857164882626	19	1
113	28	0.7473013203753305	66	1
78	43	0.25937895518497267	48	75
24	142	0.9950069732225298	66	56
73	72	0.02170156091903519	97	83
62	11	0.13578225405675948	54	27
128	142	0.8857513178962386	39	56
95	26	0.7897064192226094	23	13
118	98	0.7894823479948586	66	75
84	156	0.5721761683454197	21	52
71	109	0.7391591496480718	80	77
120	152	0.650884680516796	57	7
77	44	0.31016775320773116	19	39
5	143	0.6115335556944337	82	56
97	52	0.05565145548650796	76	21
33	122	0.14477105744639507	48	59
156	44	0.7809402264731208	52	39
83	54	0.867195808145721	36	21
59	133	0.31621255131927173	19	92
24	33	0.612949756953025	66	48
148	34	0.6845072424119549	82	29
12	123	0.5228198408785311	79	7
99	104	0.9379097515653877	15	8
124	132	0.6247051753349822	70	40
85	105	0.010484297436676004	92	91
97	57	0.1022849231286963	76	41
109	139	0.6804086610066528	77	6
58	89	0.7469455935452242	91	68
12	30	0.7639458110449613	79	91
93	57	0.9144993132434464	87	41
148	147	0.7156295852729138	82	46
7	133	0.7365350966258933	83	92
92	127	0.755354971373527	3	48
117	20	0.317011254850892	94	30
83	55	0.31595853040345123	36	66
156	4	0.07784935012857241	52	75
30	107	0.11409447334645151	91	21
