sp1	sp2	symp	area1	area2
141	121	0.5152814269520914	46	86
144	56	0.6591026697759603	70	97
51	156	0.8251362522822574	40	54
76	65	0.49792293744905014	92	56
73	79	0.15623447689694647	30	82
98	115	0.5342549854289496	78	56
15	69	0.025903798036385983	91	46
71	88	0.11638258313548366	7	35
154	11	0.03699331844875775	3	74
49	127	0.05420329223282605	50	33
44	47	0.8424381276151122	41	45
86	32	0.8240471914564157	72	86
66	102	0.462152122874941	86	86
112	75	0.16805946475971067	69	38
104	91	0.36005870785429805	90	1
154	47	0.4448892626300407	3	45
130	53	0.4375434611629849	3	72
152	110	0.4145201676124767	89	15
63	23	0.5093624109782653	74	10
149	5	0.10033932675168145	25	98
101	83	0.5415099763649979	6	97
44	9	0.3369637183784585	41	27
11	144	0.8334231304783113	74	70
69	3	0.3119884817209694	46	18
47	59	0.8783990708492833	45	66
46	97	0.7269340681106171	53	81
145	148	0.05468341372333385	3	74
11	28	0.7579355481457525	74	18
113	134	0.6019788944666669	96	90
60	157	0.06762882371550749	52	69
100	48	0.3822288860220088	12	17
154	146	0.9094866336165055	3	77
102	65	0.8160694305702768	86	56
61	73	0.5641103059543627	78	30
77	154	0.08836336904327813	27	3
111	10	0.33521873561987825	92	82
98	123	0.20398467405338516	78	71
88	58	0.5527303485791512	35	31
112	153	0.3813407630427291	69	92
10	51	0.7959716767101974	82	40
150	79	0.6618545488510047	93	82
78	68	0.6933954947520857	45	53
47	4	0.66157649165201	45	52
2	94	0.9457039195507747	32	85
8	81	0.03056437244255461	79	35
18	92	0.12345615825675793	17	16
79	26	0.6949083623047749	82	39
55	138	0.06598504923641502	66	92
35	60	0.9213305544284885	96	52
59	42	0.6003742180003423	66	98
120	11	0.3511606201548416	6	74
155	2	0.09435358207445044	36	32
6	47	0.5915205107571878	37	45
40	145	0.10173525581468501	51	3
67	97	0.9552699053409932	89	81
26	121	0.723282003500921	39	86
117	28	0.014998387901829724	54	18
13	87	0.46769393962581873	71	69
129	14	0.8384013700736043	96	77
149	127	0.13443596602077845	25	33
37	87	0.8521710985765412	14	69
124	36	0.6234553367892246	34	63
5	106	0.5532202357572027	98	10
100	27	0.047193929207939855	12	89
131	151	0.5695103901521072	6	26
44	74	0.18816673564765596	41	15
75	56	0.6502152634438979	38	97
113	128	0.627087967063015	96	38
98	94	0.24964628928703292	78	85
67	87	0.5057640372160687	89	69
80	119	0.10159224694134794	82	21
66	81	0.5346213463598156	86	35
116	43	0.6702231347915056	40	94
57	20	0.9008959536165785	36	60
20	127	0.13944986537773163	60	33
128	57	0.2191303443648348	38	36
22	2	0.2998008525294428	70	32
123	9	0.1488766280457855	71	27
141	114	0.9134362874994199	46	74
90	12	0.061799204606466374	40	14
92	30	0.7653132622977882	16	40
45	77	0.07890654671647013	38	27
77	42	0.9996920874362775	27	98
55	56	0.5641177093240576	66	97
90	33	0.7699253936754604	40	84
129	40	0.9261442475138552	96	51
17	19	0.8420309205672986	74	54
105	133	0.38016550822780115	25	34
46	78	0.24298086051076595	53	45
98	33	0.5727860616851903	78	84
143	55	0.2900432692803917	13	66
45	55	0.5327167944001535	38	66
12	70	0.48066323399396305	14	45
101	145	0.574490475220987	6	3
23	30	0.6312591855566977	10	40
79	53	0.21333208504633816	82	72
37	28	0.5485620434869094	14	18
130	4	0.3246513055951782	3	52
33	149	0.29515116326862356	84	25
89	20	0.32865154017097475	46	60
19	11	0.4776089345784382	54	74
145	65	0.18061508149157712	3	56
80	154	0.0038030473815404697	82	3
139	144	0.9676464717575641	40	70
4	62	0.05513468720830084	52	96
132	44	0.7267840301216048	52	41
87	117	0.7377130543271756	69	54
143	86	0.21731042207770457	13	72
32	90	0.740791102015274	86	40
24	101	0.5030766439364853	73	6
98	101	0.4952470627688136	78	6
110	133	0.9328192706609335	15	34
141	75	0.5229813149160787	46	38
47	150	0.26934298503446286	45	93
13	28	0.7478543252878217	71	18
8	68	0.2923753829408928	79	53
41	95	0.8404786179405183	99	65
90	125	0.013833361893713203	40	58
78	24	0.3969877628122406	45	73
155	150	0.8115390896448036	36	93
38	64	0.5602736472461781	9	50
14	52	0.7893008349512524	77	62
130	46	0.5755543362557162	3	53
71	145	0.4458442773250054	7	3
106	49	0.19480774808894818	10	50
52	43	0.12877955444717792	62	94
135	76	0.4883313645234294	14	92
35	93	0.23682736134630678	96	92
128	136	0.4745718414748268	38	34
110	29	0.9337145558304477	15	32
108	70	0.45029403829360315	28	45
6	74	0.9892136680587685	37	15
153	5	0.22301576973438408	92	98
94	24	0.9057935743970494	85	73
101	122	0.5612892050718369	6	39
85	106	0.42348100275893374	41	10
36	134	0.8614487776332055	63	90
140	154	0.07984436706672515	92	3
122	5	0.7028486187861606	39	98
107	116	0.08615382885500267	21	40
106	143	0.46642858900026807	10	13
54	13	0.2762785152282441	26	71
107	130	0.04594664084273814	21	3
79	23	0.42749912697777914	82	10
5	74	0.968602940265885	98	15
155	136	0.9668696191141342	36	34
40	141	0.7323334105591559	51	46
84	89	0.3291508344969474	85	46
84	124	0.031726988117812494	85	34
93	38	0.00818261999731218	92	9
110	2	0.9702943789212083	15	32
1	145	0.265127461581801	23	3
130	20	0.1429091488430443	3	60
121	111	0.818992929419775	86	92
97	44	0.9428288000908258	81	41
151	126	0.14881904613936003	26	16
153	42	0.6626604529794222	92	98
69	19	0.9161987125153696	46	54
116	152	0.5779963772204753	40	89
104	96	0.3893635495056236	90	17
117	98	0.7512586465014423	54	78
118	38	0.5481667501577487	75	9
90	87	0.25833579033679177	40	69
58	23	0.11731664113684726	31	10
83	140	0.8362908514607403	97	92
52	129	0.06871412011767286	62	96
156	49	0.5049171789340606	54	50
149	39	0.7395682877530533	25	42
117	77	0.7273405935387549	54	27
13	132	0.4599099151416226	71	52
77	78	0.45504777030641774	27	45
91	120	0.8500995900945425	1	6
96	115	0.05321506763908701	17	56
23	141	0.8537033073916429	10	46
83	57	0.942424580962589	97	36
70	23	0.6844723006800404	45	10
10	21	0.9760305428182948	82	39
50	70	0.9702699424129029	84	45
88	24	0.5317536775413685	35	73
36	73	0.059006831346590016	63	30
99	152	0.25026543343122465	96	89
36	45	0.6257930626763231	63	38
15	75	0.1949578092178238	91	38
43	66	0.024805665846478142	94	86
96	93	0.9306490083985055	17	92
132	7	0.045329600409489856	52	24
137	83	0.5646904972239811	17	97
38	34	0.4391323441771263	9	81
142	38	0.12369110623551016	68	9
4	141	0.6702775842452509	52	46
95	32	0.6136555668624077	65	86
119	30	0.3849442149856839	21	40
84	101	0.16115834268030982	85	6
113	136	0.1851065261967112	96	34
116	143	0.8820970278814922	40	13
13	97	0.40464615587337094	71	81
113	68	0.7833665288229544	96	53
136	57	0.7005299435665185	34	36
146	64	0.07893278842613982	77	50
56	39	0.6448077181639159	97	42
61	88	0.31853573597007023	78	35
109	135	0.9070113092235845	56	14
7	141	0.5291096072210831	24	46
72	5	0.19710028989377326	47	98
139	92	0.7201542819458929	40	16
11	144	0.5345544309364084	74	70
27	39	0.7368175430584096	89	42
113	62	0.046759443239448806	96	96
47	85	0.4304489360952829	45	41
150	69	0.21849547379881773	93	46
144	1	0.41835445759562173	70	23
118	92	0.9661173776680311	75	16
63	90	0.7040011961316545	74	40
3	144	0.9021316081935512	18	70
7	100	0.020528592585389305	24	12
138	144	0.3245716835339154	92	70
63	88	0.7340124590644651	74	35
68	82	0.6766544466973119	53	68
65	132	0.3789515624861165	56	52
101	75	0.10231406579508306	6	38
94	39	0.05980225546884499	85	42
77	67	0.2634304501259014	27	89
5	3	0.8155053130821976	98	18
49	153	0.4073258889807828	50	92
140	40	0.06446083002253666	92	51
98	53	0.22494107796153062	78	72
143	46	0.6717812704396287	13	53
40	30	0.5624591267536413	51	40
18	84	0.12572229929543044	17	85
112	14	0.43261303589611244	69	77
70	102	0.32284782493833486	45	86
43	115	0.10843890629402986	94	56
40	67	0.6911075399606097	51	89
114	37	0.9668020877094846	74	14
104	120	0.9759530619795591	90	6
146	13	0.39250948386794127	77	71
85	137	0.4814410751568632	41	17
83	109	0.14989502895097973	97	56
86	119	0.708185662493722	72	21
116	18	0.34009249547722675	40	17
26	60	0.36539502358803033	39	52
1	121	0.02021356686619591	23	86
126	96	0.04812273881583573	16	17
116	93	0.13137195767659937	40	92
71	38	0.493403773826979	7	9
77	135	0.9690475936155805	27	14
22	7	0.2084486617871807	70	24
53	13	0.750127006089882	72	71
21	153	0.5442538972201583	39	92
139	113	0.25435362008049445	40	96
101	39	0.7170261366285298	6	42
68	93	0.5281856168912901	53	92
157	42	0.8571692909061892	69	98
112	19	0.3713478260415184	69	54
71	38	0.7627679919510475	7	9
119	128	0.9937439499401236	21	38
85	15	0.21237141948137594	41	91
51	3	0.3800780740155759	40	18
137	120	0.9657761978010643	17	6
112	29	0.6533151728506741	69	32
155	150	0.3630770703987959	36	93
90	7	0.4607928043451579	40	24
54	99	0.3083525243445886	26	96
57	28	0.059574140733061665	36	18
149	84	0.41477368187570074	25	85
146	44	0.5844603942736072	77	41
15	79	0.26553058485989145	91	82
140	45	0.3372531959483124	92	38
36	38	0.7812520383299217	63	9
12	134	0.5490402828286405	14	90
70	137	0.4951530068826967	45	17
30	102	0.06285390302210325	40	86
79	82	0.9907595848422819	82	68
153	98	0.008917463041328011	92	78
82	4	0.42313103246409456	68	52
16	81	0.8000768209269827	98	35
105	47	0.18733226730863917	25	45
47	40	0.5638298030779938	45	51
90	129	0.686309265342876	40	96
105	101	0.9736308927307672	25	6
80	27	0.5142315888206461	82	89
22	152	0.0009501734453407629	70	89
100	62	0.655924574173772	12	96
89	52	0.44507062915943363	46	62
35	56	0.45254581808359384	96	97
23	63	0.6244758668718042	10	74
18	82	0.5204840765255256	17	68
28	5	0.6260680845138271	18	98
4	143	0.8203294634782977	52	13
27	30	0.07603823591317604	89	40
123	98	0.18292886010546994	71	78
17	46	0.8836318418870119	74	53
9	103	0.11266600506681057	27	95
79	120	0.8510950039862183	82	6
34	15	0.28125873079260244	81	91
13	110	0.8544365138819038	71	15
114	53	0.8361031390892212	74	72
121	69	0.48141760683507917	86	46
70	153	0.6063946093379715	45	92
141	117	0.5197161450167433	46	54
115	27	0.9588406853986521	56	89
109	40	0.24461064235213736	56	51
78	80	0.1475044333111427	45	82
101	121	0.6902651389892713	6	86
32	139	0.9880776889839633	86	40
81	15	0.8406455828366326	35	91
104	90	0.3582959009536968	90	40
34	106	0.1689735134565401	81	10
87	133	0.38811808958098193	69	34
101	129	0.9163914854182992	6	96
157	133	0.13824572773455113	69	34
68	117	0.9759695609110964	53	54
18	24	0.5316933293144064	17	73
68	17	0.4998887296528207	53	74
151	18	0.5527085101621197	26	17
93	150	0.08972418068343724	92	93
82	47	0.6357696379646067	68	45
42	85	0.20975488332857584	98	41
31	28	0.3046734376141428	100	18
123	152	0.8901134044757014	71	89
154	28	0.6244308105638585	3	18
7	40	0.3219194697072748	24	51
24	21	0.6990264842410437	73	39
25	152	0.38690393264180234	85	89
149	65	0.15649211855974643	25	56
147	108	0.2101180888230123	8	28
144	35	0.24582804138429393	70	96
69	147	0.29348777517172975	46	8
126	113	0.13501055750964774	16	96
2	11	0.5281801916140597	32	74
77	81	0.991946432409412	27	35
48	5	0.0244504968864262	17	98
7	112	0.5599189515486387	24	69
126	87	0.9046503709982023	16	69
116	31	0.1774730836422359	40	100
116	16	0.8152245695359258	40	98
51	95	0.20726691549798815	40	65
55	21	0.8682635035258727	66	39
59	5	0.13102733481672013	66	98
77	63	0.7491841229534388	27	74
18	62	0.7006573665646139	17	96
111	142	0.34800619426651336	92	68
83	76	0.5757317773250252	97	92
41	102	0.7281865942922928	99	86
116	117	0.6000868547427706	40	54
113	35	0.4292569667011733	96	96
4	28	0.6177788765061621	52	18
17	14	0.3794432350071234	74	77
136	42	0.7502594214811963	34	98
87	23	0.049548293287934975	69	10
70	66	0.4960392017713309	45	86
10	155	0.4390285801305478	82	36
42	43	0.11012263126930644	98	94
5	146	0.7378193218074217	98	77
126	1	0.5742051853760723	16	23
141	100	0.014544975835978358	46	12
14	141	0.48998770995796914	77	46
39	106	0.5785599429406195	42	10
103	139	0.7948997415305	95	40
12	16	0.07212289748041956	14	98
147	86	0.4211966899094952	8	72
91	48	0.369569928592956	1	17
22	133	0.39981968841882665	70	34
53	45	0.2549487927026124	72	38
34	20	0.6712428779753278	81	60
146	39	0.7112659747767011	77	42
89	47	0.6907586842296284	46	45
13	104	0.1818731999578378	71	90
78	29	0.48463351617751593	45	32
109	93	0.3583269008929102	56	92
114	44	0.6705147134713206	74	41
3	90	0.7446183739167789	18	40
2	103	0.81122946680734	32	95
29	6	0.3592018416020154	32	37
67	128	0.10470212962947212	89	38
74	53	0.7029613198748765	15	72
