sp1	sp2	symp	area1	area2
127	122	0.9999191368469986	96	66
49	75	0.48194203425373916	98	78
169	84	0.740156326864608	82	75
197	6	0.0926899532711537	20	4
7	212	0.19963607307129494	13	6
56	166	0.7685785259780107	94	24
24	100	0.047547484335585644	89	67
17	99	0.042758205470864064	88	65
163	52	0.858768204428167	73	21
128	154	0.14077529212924444	60	24
136	118	0.7019678894292899	71	4
112	185	0.9372902918662682	52	53
132	116	0.9269771599502242	17	61
195	7	0.7325881557331696	65	13
120	104	0.025287274519145475	62	10
209	52	0.46278883430782913	40	21
216	11	0.6392842136765636	57	39
21	42	0.3398574952356629	41	66
47	76	0.6272910840148169	53	81
173	12	0.2978823917056792	64	46
100	175	0.16508525447850075	67	22
149	137	0.3782087395634801	27	96
35	4	0.22435784067147146	94	86
45	31	0.6381877991247944	98	1
67	195	0.0029307969661226396	55	65
142	94	0.14961689840103576	80	31
104	41	0.7768104574416955	10	18
208	61	0.26479363990628524	31	87
18	115	0.45939930958212727	24	93
163	53	0.2889993012455141	73	37
47	83	0.5353886149756284	53	72
29	63	0.21886916369816867	18	47
105	102	0.12439289077328786	41	36
147	10	0.1637804014444756	58	60
78	32	0.7649834120702682	7	41
76	110	0.3119382865438355	81	24
53	199	0.7306925716226815	37	80
81	51	0.13207996809192035	44	71
117	148	0.012481038754200924	14	18
177	123	0.0683363063554363	19	64
202	22	0.9373971857904742	92	43
120	162	0.05543935780074116	62	79
85	42	0.6006459420452926	66	66
11	31	0.9462673909783171	39	1
9	170	0.5224771766022509	3	31
216	199	0.09225337052581672	57	80
164	193	0.19364855968911443	75	100
190	47	0.04322807181549615	12	53
86	69	0.3511216328350326	25	1
113	126	0.48259925560660233	31	97
184	205	0.6083725937294578	50	56
200	138	0.03734665678500426	42	48
180	79	0.2614912518404302	79	34
7	120	0.29706019000848216	13	62
149	108	0.3710995977706525	27	4
128	54	0.35242715611163944	60	47
158	94	0.21401494334551452	90	31
84	101	0.8287508723950727	75	56
26	69	0.5782713982339819	80	1
100	22	0.9915116625905299	67	43
205	75	0.6798040806590022	56	78
23	155	0.25765581048343433	8	33
74	84	0.9331934824531245	29	75
156	212	0.25327170139765764	7	6
7	2	0.3512360424202263	13	78
57	124	0.5695220273114021	57	47
156	41	0.8658062969642645	7	18
167	21	0.15167659320613125	56	41
150	66	0.3874001006967208	69	56
83	167	0.2082573466969816	72	56
145	116	0.39115590226315766	47	61
203	12	0.07499455349971684	10	46
185	204	0.39452705746155114	53	21
170	94	0.22365759055481793	31	31
170	23	0.85770281891162	31	8
102	165	0.3337309722751458	36	25
178	111	0.5439895789938333	73	97
145	199	0.36394223310255447	47	80
24	134	0.026705923764376527	89	60
154	135	0.6928854979085517	24	30
102	138	0.4124333466924779	36	48
123	198	0.43347368796650065	64	51
147	116	0.3826040464093644	58	61
48	160	0.06288188748815648	26	21
171	198	0.009161809702161072	21	51
34	45	0.9614571724046115	32	98
181	32	0.0746890795527484	75	41
45	39	0.959822301948946	98	14
63	64	0.6489948314935705	47	34
181	149	0.18512110003039572	75	27
145	157	0.930585772202165	47	16
65	32	0.7565673124301904	76	41
136	80	0.014971567937964836	71	70
158	106	0.7871550859481068	90	2
103	171	0.6387318809694272	89	21
180	132	0.7852346304674992	79	17
117	103	0.7886257967010464	14	89
79	214	0.3619230806733297	34	1
94	45	0.6026459229031919	31	98
105	180	0.8720385502934608	41	79
117	12	0.7319216048693753	14	46
114	134	0.40471479949065114	26	60
187	72	0.12531212776250455	94	28
167	193	0.32724298321591916	56	100
59	212	0.6018917738539741	13	6
64	161	0.8135709141870292	34	95
21	39	0.5920053376163458	41	14
35	169	0.4653638335580741	94	82
15	28	0.45415020977756326	3	84
144	102	0.6231496342564434	25	36
16	75	0.8948162862264366	18	78
126	85	0.7333485312176306	97	66
20	118	0.912830236755191	8	4
121	211	0.46698780420699193	72	45
93	15	0.5146672559988993	51	3
52	124	0.49795732790976066	21	47
65	15	0.2601392346588385	76	3
33	188	0.6400583914653573	66	44
59	195	0.6188460936243663	13	65
156	2	0.9276227439845813	7	78
24	145	0.3892489282555949	89	47
29	142	0.06147865611426584	18	80
114	116	0.6134413014097331	26	61
42	89	0.39852267260021834	66	69
29	135	0.9257375160139968	18	30
56	47	0.512701239480821	94	53
93	178	0.13085888078399843	51	73
50	74	0.9152243053078707	44	29
54	43	0.16325514178536416	47	55
43	212	0.3407459720683196	55	6
184	29	0.5489751446948397	50	18
48	32	0.9684042228727401	26	41
160	119	0.8693069640337315	21	79
214	91	0.13389426428346152	1	68
184	214	0.5170686878600819	50	1
146	29	0.8968833955919931	85	18
211	15	0.5663635687096567	45	3
40	188	0.2529188470016719	1	44
192	148	0.9595187890723376	80	18
125	90	0.11018608996716084	14	46
43	216	0.33880610676670353	55	57
167	164	0.745062644027909	56	75
167	145	0.438006859401072	56	47
184	101	0.8043441927514617	50	56
207	200	0.44150078056442077	10	42
66	125	0.4535126209859528	56	14
199	212	0.76584513484469	80	6
95	181	0.06822309335614474	87	75
201	196	0.18178319286910372	81	24
16	142	0.45542305636633884	18	80
153	57	0.7252906783970058	98	57
77	8	0.4418873361831629	53	43
73	91	0.30264234868095696	81	68
164	95	0.4913934337165986	75	87
157	88	0.0034690718781281715	16	39
108	113	0.5364581485636537	4	31
93	153	0.17594037670124396	51	98
114	21	0.7492880342936133	26	41
61	81	0.8584949622201368	87	44
75	29	0.7958400733744632	78	18
202	108	0.3320856271145125	92	4
28	33	0.45005877390240123	84	66
178	87	0.5581931753327968	73	95
102	88	0.77464334903061	36	39
89	38	0.574406503614904	69	29
124	131	0.3652498668780858	47	97
143	4	0.8185161592223648	57	86
34	211	0.7496440257651109	32	45
30	43	0.6582443473669848	45	55
81	161	0.16628113517141263	44	95
206	59	0.45727267376873093	100	13
155	75	0.42909735858779074	33	78
174	183	0.6928788152827674	8	22
95	111	0.6519915826789106	87	97
17	66	0.6299831308795606	88	56
45	190	0.2493618298380078	98	12
47	160	0.0383340432220165	53	21
18	149	0.6423921233750638	24	27
178	68	0.7180049855783053	73	41
105	51	0.11509900387089944	41	71
171	126	0.611605968282379	21	97
19	98	0.5878472444727899	58	47
68	213	0.6608063293935164	41	39
8	140	0.4926288501026931	43	60
187	95	0.6407659205248193	94	87
210	91	0.7132341313596	91	68
75	77	0.25448069138846763	78	53
52	177	0.5955619184597214	21	19
4	25	0.5750244245272771	86	86
74	102	0.508381510701502	29	36
186	210	0.13370047893833448	46	91
42	144	0.1260086225422281	66	25
167	169	0.6547144983666343	56	82
56	170	0.6793023268052525	94	31
119	16	0.9718659310507876	79	18
170	73	0.18771800457874166	31	81
31	102	0.27628720022225195	1	36
190	205	0.26244759462391665	12	56
15	118	0.5742021317822833	3	4
114	32	0.7012204838451048	26	41
161	60	0.6984336887676685	95	61
177	49	0.18404370426728378	19	98
207	74	0.7642880906238882	10	29
195	184	0.11904876405040088	65	50
15	180	0.822149858767259	3	79
41	186	0.6058554009132082	18	46
199	216	0.9768238618453536	80	57
211	164	0.6107881979105078	45	75
56	195	0.947508656231114	94	65
176	195	0.6031465543968973	89	65
68	176	0.08547158060984406	41	89
97	66	0.7588953336722831	66	56
79	126	0.26957811167760826	34	97
77	73	0.3107833514391224	53	81
201	79	0.10091097178304276	81	34
214	204	0.21583795434339526	1	21
36	5	0.8298909185412175	37	71
84	157	0.35939918518056335	75	16
196	145	0.058029244575703354	24	47
175	118	0.08117525588539731	22	4
174	110	0.26995617087704304	8	24
169	13	0.13948212239237767	82	9
69	46	0.9747830954422652	1	11
151	133	0.5449807600128561	46	58
27	188	0.95926494565753	2	44
63	183	0.8127606355654586	47	22
44	124	0.8348832609762541	85	47
191	50	0.8609588287105733	51	44
195	7	0.29789288743499276	65	13
129	90	0.5172888400914889	31	46
173	125	0.46252388239589504	64	14
3	22	0.2389036082628001	44	43
47	8	0.9032239572016312	53	43
17	99	0.12950510679641924	88	65
47	19	0.17256230714490262	53	58
2	151	0.05118925194628332	78	46
128	178	0.8647588411047316	60	73
205	171	0.3953891300055895	56	21
164	4	0.9273180046183103	75	86
45	198	0.3478350786133503	98	51
120	132	0.40135923062127143	62	17
62	15	0.5966176031187145	51	3
82	188	0.6117215081767678	79	44
2	60	0.7447951861807148	78	61
5	70	0.5583980860524456	71	97
192	20	0.9796641562677876	80	8
42	98	0.5161618108086387	66	47
22	102	0.9275535178865068	43	36
29	213	0.9954924634211243	18	39
127	100	0.2644627167949152	96	67
214	141	0.7018078339521211	1	12
40	122	0.9664358694408809	1	66
105	180	0.562043107819612	41	79
137	110	0.4925918039640501	96	24
189	30	0.146666323179513	21	45
194	14	0.11612755710572009	61	84
168	125	0.9322160538568869	86	14
117	156	0.033392326270169304	14	7
212	78	0.17075059366091483	6	7
62	210	0.00371488337679593	51	91
170	205	0.026788392743769873	31	56
23	189	0.6901710582653688	8	21
58	87	0.3169562743361243	89	95
23	37	0.6837942663515542	8	17
41	117	0.658695443826391	18	14
47	67	0.21222391299133592	53	55
74	94	0.966576678383769	29	31
31	127	0.1276781023123018	1	96
165	168	0.012704990179011055	25	86
174	76	0.2976654782645951	8	81
52	82	0.2045768328406199	21	79
135	199	0.23059330892929653	30	80
112	161	0.670764203085534	52	95
124	66	0.6971627969156874	47	56
32	136	0.32233593688629014	41	71
66	30	0.3966375930937932	56	45
133	195	0.8519078584880437	58	65
70	38	0.09997931122959003	97	29
16	180	0.0956931855091584	18	79
180	203	0.5116111585101125	79	10
54	57	0.7249217857296197	47	57
79	54	0.2667132078127026	34	47
113	176	0.7726006875468036	31	89
43	59	0.28756426080856123	55	13
14	202	0.16742781735896584	84	92
193	25	0.17875103830153827	100	86
216	22	0.4265794155001418	57	43
145	132	0.9082971673246294	47	17
213	79	0.2671427952004498	39	34
82	33	0.7460233118133581	79	66
186	166	0.11104678074066865	46	24
36	213	0.017939739376142683	37	39
112	14	0.6569386554213991	52	84
93	13	0.8314928149769891	51	9
216	79	0.7146655563655405	57	34
61	159	0.9447744940988109	87	81
146	125	0.9315311075591286	85	14
130	165	0.93394738657076	13	25
75	170	0.6170000343935668	78	31
57	117	0.3109679290523233	57	14
166	35	0.5930635332540599	24	94
137	212	0.49552813861877554	96	6
151	56	0.45098179466862753	46	94
183	22	0.7026196579499225	22	43
141	77	0.9823360796092698	12	53
65	194	0.8189101689857657	76	61
20	17	0.885862205739561	8	88
153	132	0.43466354384092654	98	17
47	94	0.1912002149570149	53	31
27	128	0.711611540341493	2	60
4	215	0.40856182910825145	86	30
169	6	0.5358687467649859	82	4
73	6	0.9852326126565076	81	4
43	171	0.2872256295259794	55	21
198	156	0.10382183598337613	51	7
50	1	0.04439303439550635	44	52
41	172	0.7323146387093282	18	32
109	126	0.4583469771715526	91	97
38	150	0.7235845372905602	29	69
182	19	0.04627260863989413	18	58
118	180	0.4095157178989116	4	79
95	106	0.7537384151545418	87	2
100	193	0.4042025239014949	67	100
208	28	0.3671536297438418	31	84
26	127	0.4316117556955542	80	96
174	146	0.9433579304821632	8	85
88	112	0.029860682867294597	39	52
63	213	0.9710563902185061	47	39
121	187	0.23179822904600034	72	94
208	69	0.0555542895372948	31	1
177	171	0.09800865492631872	19	21
195	205	0.04387047009775491	65	56
206	187	0.4258858299262692	100	94
17	30	0.060408988394017205	88	45
128	155	0.7176708575168869	60	33
60	179	0.31056837208450694	61	66
9	90	0.5832963464048465	3	46
154	162	0.8407195167436111	24	79
118	30	0.9019224150282458	4	45
209	180	0.5172081200548163	40	79
134	111	0.37830825391791356	60	97
198	23	0.47964561493502145	51	8
38	165	0.0035015549692075654	29	25
22	127	0.03231070396191715	43	96
131	111	0.8636118118466435	97	97
145	176	0.6432838665156626	47	89
180	188	0.19792580330025467	79	44
108	95	0.06715259901320436	4	87
95	180	0.29506485038287367	87	79
21	211	0.15330201678089894	41	45
151	91	0.7329322760368238	46	68
80	30	0.4619074792331721	70	45
109	209	0.9366694446469639	91	40
140	182	0.09005721755660656	60	18
14	135	0.6552863983991211	84	30
200	165	0.34400550910486105	42	25
36	190	0.7170350378416162	37	12
39	87	0.982762575313877	14	95
39	121	0.5986383576069639	14	72
97	201	0.3046844655452362	66	81
81	136	0.9231147715853465	44	71
26	14	0.7800021519126122	80	84
191	111	0.5681794635791948	51	97
137	47	0.797426772938815	96	53
29	169	0.2653009367232766	18	82
121	183	0.2633511252335635	72	22
204	213	0.8777877423253343	21	39
206	5	0.9104531702686983	100	71
186	129	0.20263242637541434	46	31
50	133	0.08607067257800172	44	58
181	182	0.7557759346436633	75	18
192	187	0.49414634522715317	80	94
207	81	0.18016007416860613	10	44
99	83	0.588919671570784	65	72
17	149	0.8452646444409841	88	27
186	61	0.2701801835799338	46	87
138	43	0.03945210679227895	48	55
142	10	0.8997284708869671	80	60
15	185	0.5142953858868297	3	53
160	167	0.27384406066873834	21	56
50	202	0.11116977670364003	44	92
112	152	0.9688962717525714	52	90
154	144	0.3779023483939795	24	25
117	72	0.8556207519245489	14	28
72	115	0.7970644705918358	28	93
160	108	0.9011478695875308	21	4
182	204	0.6047631542616815	18	21
139	207	0.6501709407558617	96	10
84	96	0.41508287789148623	75	73
159	96	0.8845083236389883	81	73
136	153	0.2985647352080546	71	98
154	54	0.24106127725838544	24	47
104	121	0.44660105211992795	10	72
212	87	0.6150924159524508	6	95
124	100	0.7107221137045218	47	67
7	186	0.7247050598295568	13	46
180	119	0.3270897013795878	79	79
30	15	0.8238871077515056	45	3
165	94	0.3941320234935348	25	31
156	92	0.08564349804773796	7	23
152	17	0.748586272729617	90	88
4	176	0.4549812304476514	86	89
60	210	0.4066807614991238	61	91
192	123	0.24874334412261623	80	64
197	99	0.6215869315234055	20	65
56	41	0.9995242976462794	94	18
62	58	0.5927484524703421	51	89
10	129	0.6295337862497872	60	31
208	105	0.11648705903264323	31	41
11	183	0.474071807936124	39	22
26	167	0.8109990127326563	80	56
61	191	0.5817232186248172	87	51
98	97	0.27246584043985533	47	66
12	36	0.7103108734879263	46	37
64	25	0.6675995863519573	34	86
68	128	0.6550496177863764	41	60
169	88	0.4787382922125505	82	39
12	160	0.7777583579277447	46	21
74	116	0.03280325442968668	29	61
111	13	0.7110650013799039	97	9
41	53	0.9099394258259393	18	37
159	163	0.08845164738472366	81	73
108	61	0.8703468768258592	4	87
89	180	0.6734674358260534	69	79
91	175	0.6280333342128819	68	22
213	40	0.9919821817708208	39	1
100	195	0.643206894286333	67	65
150	109	0.6139749474910455	69	91
119	154	0.7972765882349834	79	24
204	135	0.3623355482681715	21	30
42	76	0.46218992964312156	66	81
137	182	0.5496757851832812	96	18
206	119	0.3124442541248411	100	79
57	28	0.4622933605749425	57	84
44	139	0.06417613169008951	85	96
38	60	0.14473335128042475	29	61
73	77	0.6201652139968187	81	53
45	142	0.9262658769319998	98	80
210	103	0.9326695183236366	91	89
17	132	0.4211117020386347	88	17
153	140	0.5903124068784507	98	60
65	15	0.5076756422240912	76	3
160	38	0.15779162821722137	21	29
85	100	0.6078449012375449	66	67
104	87	0.05091782277282897	10	95
80	136	0.24695694511620525	70	71
70	215	0.05151173117465213	97	30
97	66	0.9569163845406968	66	56
124	23	0.3202914478131892	47	8
51	57	0.44577237160506245	71	57
7	75	0.5095088773328096	13	78
205	30	0.6277097181152366	56	45
123	169	0.9336693185110377	64	82
52	174	0.47518283925005134	21	8
216	34	0.3304911465692981	57	32
192	213	0.6548947230223563	80	39
1	122	0.5419329564965916	52	66
129	95	0.6949002701624495	31	87
51	159	0.8028137561753563	71	81
52	94	0.8065357930127809	21	31
130	189	0.6260109082857832	13	21
196	45	0.07977921358571971	24	98
100	91	0.2784961652518494	67	68
199	53	0.2432217141110481	80	37
21	42	0.33849643801332985	41	66
8	155	0.7980844920788263	43	33
159	174	0.5162042986528136	81	8
133	155	0.26787981055688104	58	33
175	122	0.25027131423928783	22	66
199	210	0.6333819722073446	80	91
31	43	0.6747962059070514	1	55
184	160	0.21231532418049248	50	21
27	38	0.4576714512778781	2	29
53	85	0.5112878191163576	37	66
208	87	0.9034860625518124	31	95
80	91	0.6007742034256749	70	68
138	197	0.8511168318137928	48	20
11	149	0.5670832921429866	39	27
182	80	0.24343015008139157	18	70
116	179	0.3011921839701024	61	66
162	132	0.04503521219922002	79	17
121	72	0.1709543180509706	72	28
163	173	0.6388231068197001	73	64
165	28	0.10490982427951245	25	84
152	163	0.2368581847199126	90	73
66	178	0.4671902869340182	56	73
78	17	0.1840307940040623	7	88
184	62	0.75076686159224	50	51
207	55	0.8837638126132077	10	50
32	198	0.7089618044537452	41	51
160	83	0.28067308347800946	21	72
99	166	0.521496974646956	65	24
161	206	0.31257373949381617	95	100
194	28	0.9121955392365376	61	84
2	6	0.8113419872696648	78	4
203	6	0.6448579056191509	10	4
64	31	0.4808177790434144	34	1
155	27	0.9763891500856475	33	2
79	54	0.5507007252720968	34	47
214	127	0.42473027405689867	1	96
21	37	0.9121699496381851	41	17
22	21	0.13819191162462063	43	41
2	109	0.0038973633799540552	78	91
147	48	0.7302253808369514	58	26
204	197	0.863049577749877	21	20
187	163	0.27546691553495006	94	73
34	74	0.9617622547638445	32	29
17	206	0.6703381285213542	88	100
122	35	0.11370827296333608	66	94
207	41	0.40882838911188	10	18
191	64	0.1549608833956182	51	34
209	50	0.9282196258579626	40	44
76	21	0.9827262458119467	81	41
105	81	0.7141199592439558	41	44
196	21	0.9322484352085897	24	41
173	207	0.14717427523485183	64	10
86	124	0.20079088212800067	25	47
24	96	0.6718689591451334	89	73
116	114	0.44893356168666243	61	26
177	49	0.2102470565672474	19	98
27	210	0.2933706842681647	2	91
27	20	0.5415292989010168	2	8
143	152	0.7060762387721106	57	90
90	180	0.47123570595824793	46	79
29	120	0.3020053488863462	18	62
172	72	0.4843839223836678	32	28
99	19	0.8213197183308909	65	58
171	13	0.11860290154765352	21	9
62	116	0.685504364079896	51	61
129	188	0.733602573811368	31	44
182	38	0.17111684078070732	18	29
29	122	0.8138524508616375	18	66
103	185	0.8941572636762928	89	53
53	80	0.984897850150623	37	70
161	182	0.5763358226977336	95	18
26	6	0.3673297566516073	80	4
177	4	0.04872020359004792	19	86
188	118	0.5332145324381428	44	4
3	108	0.9031079034362264	44	4
127	214	0.8385926228340013	96	1
161	8	0.18272396611208064	95	43
101	169	0.21917232917560048	56	82
125	16	0.044100945286083326	14	18
118	205	0.7061786543463902	4	56
103	104	0.872391713071875	89	10
65	128	0.11998143589095256	76	60
137	125	0.06060627666835283	96	14
6	86	0.41538933863750027	4	25
103	46	0.24341940879175739	89	11
109	37	0.5788432264143015	91	17
68	99	0.8288981702138513	41	65
151	36	0.7479943442588528	46	37
6	186	0.5411486471275909	4	46
157	131	0.7939375432455407	16	97
125	128	0.5889350275674811	14	60
73	167	0.38440211124564905	81	56
61	132	0.9060693741933014	87	17
63	131	0.03348829073804982	47	97
59	87	0.7352058792587243	13	95
56	192	0.46976976543837723	94	80
7	114	0.5737221913849034	13	26
77	36	0.19788068506479772	53	37
53	117	0.29170117922851746	37	14
32	123	0.2727103876442236	41	64
140	31	0.0036305512716930943	60	1
158	146	0.16440598477013957	90	85
67	142	0.9364581541857189	55	80
126	163	0.13715529742908128	97	73
119	173	0.47056879577693544	79	64
99	51	0.465677653035907	65	71
199	89	0.899066933011803	80	69
152	206	0.5293193513805504	90	100
108	213	0.2643824232593387	4	39
20	166	0.22910781254964796	8	24
131	107	0.400549850526277	97	84
12	126	0.35486686721248595	46	97
18	52	0.36743070476167217	24	21
155	87	0.5092354426871438	33	95
188	11	0.2448582390612889	44	39
193	72	0.41708425475859356	100	28
180	79	0.37747260763633306	79	34
90	176	0.09740887039819413	46	89
113	204	0.6078528456519485	31	21
33	175	0.9111406647755538	66	22
30	168	0.7032254131223298	45	86
73	12	0.5329711934444259	81	46
129	51	0.038827331996504455	31	71
101	170	0.5299898120072327	56	31
137	173	0.5333042097909327	96	64
16	166	0.6398828902411411	18	24
173	70	0.3610417956519306	64	97
155	104	0.1299585820083189	33	10
216	6	0.23353253017874354	57	4
137	79	0.8718969326011468	96	34
44	35	0.016997017678764936	85	94
125	165	0.3779676046445315	14	25
173	2	0.7504489493775547	64	78
64	27	0.9689599525584358	34	2
87	17	0.5877794234724937	95	88
175	33	0.8372484960883348	22	66
1	63	0.12838446398138925	52	47
128	71	0.6671799395081575	60	81
