sp1	sp2	symp	area1	area2
1	33	0.6453288608443429	25	68
143	33	0.37589291808306236	84	68
196	176	0.7521528293025156	42	7
101	104	0.04422737387760911	77	65
150	179	0.9216750202245176	25	38
82	98	0.4230587873095887	65	79
94	158	0.9961574519868709	63	73
119	51	0.014848057679067717	50	19
16	165	0.009545803508907658	38	38
82	216	0.21839361467680463	65	6
69	10	0.528802335567068	83	46
36	73	0.28233649985206577	30	73
66	13	0.7983488493778512	27	9
145	49	0.3608622347278976	77	19
168	119	0.832681821403094	7	50
124	8	0.25408752924017053	85	51
33	182	0.54217946119599	68	12
135	176	0.09348615520161452	77	7
71	187	0.02996972194253722	5	29
116	67	0.5827762179970083	41	3
156	80	0.42232607126743626	65	66
52	9	0.5819436666938255	8	29
135	116	0.9495977813361206	77	41
94	128	0.06262787726842178	63	62
8	168	0.5427954552830837	51	7
47	16	0.05927891580263456	1	38
119	87	0.010247494286601433	50	1
60	59	0.08601118588834389	13	67
125	38	0.31614684825958883	42	78
33	141	0.8169043606718166	68	86
28	123	0.8273880824213882	17	27
20	4	0.15289145728452436	29	2
195	37	0.8533869332691981	11	1
141	214	0.46409922431875006	86	26
82	97	0.681693680230395	65	80
60	79	0.11366411474482985	13	49
160	57	0.8902297704765855	42	12
86	206	0.9837688291053229	17	99
56	171	0.2514604464506853	89	17
122	204	0.373133550685394	27	5
194	58	0.7720463113103572	26	58
162	2	0.1614081002037131	85	28
109	37	0.3833555773615175	16	1
185	202	0.5114620481266302	40	16
197	42	0.27505042416661063	72	87
69	136	0.4359336377528683	83	44
216	40	0.05366943189384987	6	3
153	138	0.29233266429419225	52	45
170	19	0.3218404450811502	47	39
91	152	0.5440172067897547	94	58
180	131	0.21691041150796853	6	19
119	149	0.3308809093135179	50	17
135	118	0.19708862621387135	77	5
113	210	0.17283425146105336	27	43
144	90	0.2036981202253454	23	62
19	189	0.6187122070178033	39	81
57	178	0.2214159192311067	12	72
62	152	0.7980969428112787	27	58
92	118	0.27801191683811055	31	5
193	180	0.0951214038432604	58	6
212	141	0.019534030651204737	54	86
148	13	0.0153232053376271	17	9
71	93	0.5644450043669057	5	81
199	45	0.3958213729777569	62	41
203	96	0.839286786491802	25	40
57	73	0.8397798254929921	12	73
55	25	0.23318985670034498	17	8
19	24	0.8118187032903735	39	83
165	7	0.5872756202416619	38	90
196	21	0.18192407430009183	42	55
11	164	0.7708911222700073	58	37
43	201	0.9032577670386751	95	26
175	174	0.8353749614622766	22	11
189	210	0.39895152016254776	81	43
4	181	0.09688815210022039	2	85
28	49	0.7133664300506091	17	19
138	32	0.7939579921378872	45	38
199	207	0.0940500865859435	62	37
145	68	0.19812415876037193	77	3
11	216	0.07386083643940566	58	6
31	168	0.802350292678735	48	7
171	132	0.33340438762638835	17	32
50	40	0.011629205772081375	16	3
215	186	0.8223388385270278	14	79
73	54	0.1963750786943299	73	76
163	140	0.1024260349307149	38	80
158	204	0.16897615361591278	73	5
17	157	0.5689973563089156	73	39
55	28	0.14440430261479054	17	17
79	156	0.9178556674896791	49	65
71	164	0.18196870626539785	5	37
207	93	0.4318210381039693	37	81
204	17	0.33042247811836856	5	73
14	148	0.646535776826594	31	17
118	195	0.660121331096871	5	11
38	169	0.6860432794998413	78	6
40	170	0.09160517530323697	3	47
113	118	0.12793769136585442	27	5
38	11	0.31281785772522896	78	58
124	72	0.40101792864127084	85	91
2	176	0.440545844071778	28	7
104	39	0.5083949441769899	65	8
130	56	0.6125566323399606	75	89
23	179	0.05850220383930538	78	38
63	115	0.6927062166496957	60	12
153	135	0.9897663083392477	52	77
158	77	0.8414190735362904	73	1
15	144	0.7434134146104825	13	23
143	165	0.31121915745603645	84	38
216	196	0.7909585801452549	6	42
160	82	0.14646438546995055	42	65
176	144	0.771424195924784	7	23
199	83	0.0007524459336178957	62	80
106	34	0.5141043095827044	60	73
68	48	0.3025291093182598	3	96
96	163	0.6968638443717274	40	38
53	151	0.4083937451227704	4	33
165	47	0.7155463947674663	38	1
169	55	0.03137625979317549	6	17
185	94	0.14585270960479046	40	63
126	192	0.9539320528656037	24	38
210	148	0.36258175596435027	43	17
98	25	0.3563458465488174	79	8
188	185	0.45265445151961026	36	40
18	26	0.12509133814779072	15	36
202	3	0.3498062228689821	16	19
54	178	0.7650602643345245	76	72
186	213	0.9940861737987999	79	97
97	100	0.8054001886004624	80	71
174	38	0.8961855561082365	11	78
31	214	0.02122683260205349	48	26
144	105	0.2640302608306627	23	12
44	5	0.2508625488453814	27	44
213	12	0.2013445029230868	97	66
61	23	0.23943516098250073	14	78
75	5	0.6438703769745704	40	44
119	134	0.6704297705071357	50	76
63	180	0.22316430380760421	60	6
72	101	0.9644647475830267	91	77
34	129	0.9753243280051165	73	18
151	162	0.16422982171879685	33	85
215	6	0.21512126643947072	14	73
153	99	0.45259701720231804	52	100
214	110	0.4444486813487796	26	30
115	146	0.9948467963615124	12	57
198	138	0.3291122028285106	52	45
166	100	0.7214360918614702	34	71
213	30	0.8544751183796327	97	95
182	92	0.27563910295260186	12	31
192	110	0.30492543939553396	38	30
198	66	0.9285488475608906	52	27
216	8	0.7210930423040751	6	51
66	167	0.6393643859690594	27	1
93	1	0.6437328631732258	81	25
166	105	0.8610222775412336	34	12
72	193	0.26651917575348316	91	58
173	38	0.7473923851406948	23	78
97	195	0.4890759378340348	80	11
70	7	0.6436893445181493	84	90
166	38	0.1349040136133426	34	78
84	36	0.3948137808753115	14	30
133	67	0.6507864755535013	86	3
62	191	0.9788719145409417	27	15
187	18	0.17959339721962497	29	15
27	213	0.37240362342622657	65	97
116	33	0.8927928666653966	41	68
184	173	0.5547475722659836	14	23
180	54	0.20409581782688568	6	76
195	77	0.016396568096757602	11	1
167	124	0.04354169867712854	1	85
195	59	0.1879134798099581	11	67
59	141	0.3352991745980324	67	86
116	7	0.33164477957587823	41	90
150	27	0.7552374537094148	25	65
58	32	0.1683366085921738	58	38
26	106	0.4429656661240696	36	60
53	163	0.7331534687196657	4	38
114	61	0.17600243534130033	42	14
202	206	0.014569609519628823	16	99
173	126	0.6853653093192996	23	24
111	80	0.5194495281309123	60	66
189	170	0.5202298263220703	81	47
188	174	0.6095563851345474	36	11
97	44	0.6063404898658922	80	27
133	76	0.966003367226354	86	15
94	80	0.4022627077586778	63	66
87	207	0.5432494911011463	1	37
83	180	0.35268272614635154	80	6
211	7	0.07283105075244267	6	90
23	40	0.550654815802921	78	3
32	46	0.8073585980452337	38	30
25	169	0.9561847598581065	8	6
62	101	0.2218745751717509	27	77
201	186	0.8591547827531802	26	79
201	86	0.7799745588931469	26	17
92	159	0.8449425593390766	31	56
41	142	0.44266918881887063	90	7
36	87	0.4388163031094703	30	1
192	186	0.8121828637516672	38	79
111	101	0.9912506408868655	60	77
165	148	0.8048137653995099	38	17
13	105	0.12083837016261567	9	12
76	146	0.6421208594294678	15	57
131	117	0.14391622604260346	19	34
78	170	0.46935159336222465	33	47
59	195	0.892148509066482	67	11
207	142	0.042121227070931355	37	7
40	89	0.8101270787120942	3	38
88	145	0.03275028494806864	70	77
23	120	0.16827184922060567	78	22
155	211	0.7529366295039075	53	6
106	65	0.0012191052335768227	60	32
198	135	0.7994288876763107	52	77
64	31	0.3734098960881628	75	48
55	109	0.902999338227967	17	16
8	140	0.5535023977646896	51	80
141	198	0.4052914765376413	86	52
50	154	0.37939206483943344	16	3
192	52	0.5770151745218095	38	8
154	10	0.48430722810887206	3	46
138	147	0.877485226647297	45	26
169	14	0.12499155261479	6	31
191	149	0.7918984522206112	15	17
157	21	0.8221525757871985	39	55
139	46	0.3381600669388495	94	30
63	105	0.11127504568130708	60	12
110	11	0.19548541199428715	30	58
118	57	0.6457709165239792	5	12
34	82	0.8643522132254444	73	65
62	123	0.7275924575167766	27	27
114	45	0.9516023035856179	42	41
161	137	0.7729993049695094	9	40
35	98	0.5258635838033479	15	79
20	136	0.9119387656168394	29	44
46	68	0.3480171043590553	30	3
102	180	0.8103278471317262	97	6
190	86	0.8017686993702202	53	17
102	32	0.12831640061355531	97	38
70	192	0.4868730186354201	84	38
59	84	0.05974686596669576	67	14
22	212	0.7154923211828448	32	54
115	4	0.7662413884607953	12	2
121	183	0.09076916543616109	23	30
3	40	0.04023365865409956	19	3
149	127	0.28213259526658263	17	52
172	63	0.9292357370220014	15	60
115	84	0.26743565620064935	12	14
121	105	0.12587890026226045	23	12
10	27	0.551186428524727	46	65
77	163	0.8210382269163156	1	38
36	209	0.33698081517053624	30	3
119	88	0.39972451337794823	50	70
87	36	0.0564460924079464	1	30
10	138	0.013367200429821424	46	45
140	143	0.27267662902347056	80	84
178	43	0.34624442107881703	72	95
173	123	0.29787930156122977	23	27
30	168	0.7712023445853929	95	7
43	48	0.9624165568597145	95	96
31	47	0.502287750900567	48	1
192	120	0.1825730516971784	38	22
96	64	0.49607479357923845	40	75
120	147	0.6901513962130114	22	26
50	20	0.7624015527849786	16	29
151	17	0.04598982180842526	33	73
169	147	0.5800802008868573	6	26
195	194	0.26590754939430117	11	26
167	125	0.12874634479059877	1	42
40	65	0.13907010468793424	3	32
110	188	0.21169225946458858	30	36
119	157	0.6676086114253247	50	39
149	22	0.08562303002185467	17	32
59	146	0.6339975996453575	67	57
42	148	0.6078997138928924	87	17
66	42	0.13927816944614946	27	87
200	84	0.2912447048275134	52	14
131	108	0.5941194495102495	19	94
69	193	0.3529727720564636	83	58
94	137	0.39257813700777744	63	40
40	93	0.3734597629738644	3	81
141	170	0.28814186258188224	86	47
53	95	0.3098366547499868	4	39
191	152	0.3928235999847969	15	58
17	193	0.9580374741569637	73	58
177	200	0.4380199124270663	2	52
205	15	0.7196355171252032	72	13
38	67	0.48541461929042784	78	3
7	27	0.015611428413801476	90	65
103	126	0.937832183010358	16	24
156	1	0.2377741266909028	65	25
186	41	0.06033561336173199	79	90
105	178	0.4036871192449146	12	72
94	147	0.6315549055906571	63	26
135	160	0.016179460811037272	77	42
79	3	0.15091880430051763	49	19
174	152	0.6547993150027281	11	58
116	211	0.10604821739622827	41	6
136	84	0.5990069165432667	44	14
122	46	0.44677969381591	27	30
74	28	0.7487196062380637	41	17
201	12	0.9853123459571648	26	66
172	178	0.674875973631633	15	72
6	155	0.7363544850205352	73	53
107	193	0.8700364508964639	87	58
210	96	0.13916560048472626	43	40
68	186	0.909565891785665	3	79
1	211	0.9393289439413092	25	6
137	141	0.5781211097872857	40	86
142	209	0.11384902156911281	7	3
203	50	0.6948861090195093	25	16
188	183	0.05874771385758604	36	30
143	208	0.6856386566477344	84	87
15	51	0.12037511847036664	13	19
164	36	0.01600250845948703	37	30
68	78	0.6462933084413325	3	33
50	77	0.449368742927988	16	1
58	65	0.6171844557449321	58	32
170	191	0.9276116452881459	47	15
197	14	0.13618685676184483	72	31
124	170	0.1896372446938578	85	47
171	196	0.47887938035120126	17	42
138	9	0.8922549347151113	45	29
209	148	0.9152121686563869	3	17
73	26	0.8224216813009041	73	36
160	98	0.8570192212211829	42	79
208	101	0.25935088016800667	87	77
51	24	0.2932005841228106	19	83
141	65	0.36950598599839113	86	32
152	26	0.1737766948338615	58	36
209	87	0.059848035431427915	3	1
60	110	0.7827623062262603	13	30
32	173	0.7937082772670739	38	23
148	58	0.15516523796243498	17	58
72	131	0.7299013593269984	91	19
1	87	0.7067500155192356	25	1
4	191	0.8106669328068199	2	15
122	145	0.9443178653206553	27	77
191	181	0.17154471666651294	15	85
116	2	0.4799425899378166	41	28
202	187	0.8826514282841146	16	29
22	141	0.45860183283480493	32	86
102	69	0.10633462530135962	97	83
141	91	0.36299077895517695	86	94
162	187	0.36872398517258675	85	29
8	113	0.8475441681276138	51	27
173	15	0.16260618702830576	23	13
180	209	0.4206325557468634	6	3
215	161	0.6223846135753641	14	9
30	8	0.1544843553764178	95	51
32	139	0.08463248259143341	38	94
33	8	0.886673869095499	68	51
142	212	0.7645985582856081	7	54
140	139	0.9213035469449524	80	94
64	142	0.6834145817956301	75	7
150	120	0.11940455072877332	25	22
75	12	0.15489676602454538	40	66
29	124	0.014629274931829417	57	85
82	89	0.5001410610557157	65	38
5	208	0.9641825048300405	44	87
121	30	0.4339583566108218	23	95
138	72	0.5126554409575794	45	91
182	40	0.8433148499528237	12	3
114	206	0.6551031787556597	42	99
90	126	0.9377852316778856	62	24
115	44	0.7925656438277043	12	27
206	24	0.35556031571824875	99	83
108	24	0.796873609603601	94	83
16	43	0.8086646094180628	38	95
179	66	0.34808079583047635	38	27
89	71	0.4926813591645366	38	5
39	134	0.21722555050184078	8	76
201	130	0.6470690752901864	26	75
25	120	0.7115021149968235	8	22
177	103	0.07725692720663024	2	16
145	61	0.09584394115923844	77	14
137	74	0.5593578974888542	40	41
75	43	0.6257056697858672	40	95
104	189	0.44197112501557145	65	81
99	56	0.6657186020473579	100	89
5	38	0.1712584209543414	44	78
121	42	0.34667843583693025	23	87
15	128	0.034776858631200724	13	62
184	8	0.4243133730792633	14	51
4	58	0.011689308123457143	2	58
111	212	0.6859736884890464	60	54
189	128	0.0958922693922043	81	62
96	192	0.23162876229756635	40	38
118	9	0.13627236769066453	5	29
35	178	0.4283806177865409	15	72
204	23	0.8618916279649138	5	78
201	63	0.6867686276637741	26	60
171	112	0.28942772525704963	17	48
116	189	0.16640734382925115	41	81
75	66	0.589284748038306	40	27
81	108	0.8979931112011382	33	94
123	3	0.609782079717298	27	19
187	28	0.87604295969771	29	17
198	16	0.7579597531001144	52	38
89	102	0.9198895273239771	38	97
40	189	0.9440991693768782	3	81
127	199	0.19455072994389433	52	62
100	44	0.5144907145177343	71	27
122	103	0.5586498629468435	27	16
193	183	0.8610171488645457	58	30
86	87	0.22860041313552315	17	1
183	41	0.131484284694246	30	90
27	67	0.9526407022957395	65	3
89	26	0.8745990338360877	38	36
77	116	0.45140731989711447	1	41
84	169	0.5424016847250578	14	6
107	78	0.5414949498927443	87	33
134	127	0.5313649514914922	76	52
167	179	0.6559333406571901	1	38
46	110	0.6113727544028881	30	30
141	80	0.4102814433612747	86	66
48	20	0.9395235285032096	96	29
118	41	0.3615816707799504	5	90
158	95	0.6768482917735987	73	39
148	48	0.5362631907495327	17	96
121	200	0.8270559306455753	23	52
14	83	0.7658536013404519	31	80
162	128	0.7527987377484179	85	62
109	160	0.6551132811959899	16	42
104	91	0.7577702888898181	65	94
112	82	0.9701755490318014	48	65
85	80	0.4072442119525965	25	66
175	196	0.18592585212185087	22	42
28	75	0.3714934759585835	17	40
171	193	0.14081328398678417	17	58
104	148	0.13246441030004985	65	17
42	140	0.052028501316707665	87	80
146	103	0.8297497732743208	57	16
37	116	0.94505973310639	1	41
28	30	0.49431265485033227	17	95
191	39	0.3087479643842608	15	8
25	91	0.867536824875408	8	94
193	76	0.3339450291427666	58	15
35	146	0.13119436128478834	15	57
197	44	0.8204473632243954	72	27
50	39	0.5225942626093523	16	8
142	33	0.6672725855797473	7	68
158	23	0.4617332302363705	73	78
154	33	0.10745768918329401	3	68
182	111	0.6229538350274132	12	60
9	29	0.46665702031756573	29	57
29	195	0.11270656427527437	57	11
160	121	0.13247144789845577	42	23
33	183	0.2442354236203539	68	30
62	162	0.6100663476606465	27	85
55	82	0.4199909610006901	17	65
182	200	0.451260214598035	12	52
171	95	0.6675424114938833	17	39
73	178	0.8458133307871204	73	72
191	186	0.18385256225651936	15	79
83	39	0.6886946816346569	80	8
6	136	0.23712235684170424	73	44
148	43	0.9904824167986706	17	95
97	164	0.6269502293241228	80	37
74	91	0.7802379401256273	41	94
80	109	0.535795743471898	66	16
127	131	0.509985582876999	52	19
199	57	0.9650539200927084	62	12
210	107	0.9190138207217857	43	87
209	174	0.7755532702601605	3	11
85	133	0.40427829901102397	25	86
207	76	0.881254611922458	37	15
79	136	0.2659760791580752	49	44
74	213	0.47251655358128297	41	97
136	66	0.8462833504352406	44	27
197	41	0.558135906975774	72	90
198	71	0.8731782314543873	52	5
80	40	0.19978792937155643	66	3
122	156	0.6009624546045194	27	65
176	59	0.8211107732358417	7	67
196	11	0.9928050209202822	42	58
33	34	0.09238587229675166	68	73
110	22	0.7357341093866427	30	32
49	213	0.9353823437453581	19	97
94	37	0.36470604689747643	63	1
20	199	0.6722341429265989	29	62
56	155	0.6402321599092954	89	53
54	19	0.4144805186951288	76	39
102	92	0.5853264332646609	97	31
7	73	0.45248346494698943	90	73
170	160	0.8518017053795741	47	42
67	47	0.37564624840924143	3	1
211	121	0.5276762936909654	6	23
110	157	0.2308303698158144	30	39
75	11	0.7905449959424807	40	58
96	77	0.019421252100226938	40	1
80	21	0.3401517942378036	66	55
37	186	0.49663165552318833	1	79
192	18	0.32080580855090135	38	15
1	45	0.7708759664630439	25	41
47	2	0.24930119672024187	1	28
207	151	0.7271115823105971	37	33
64	57	0.5321291812019919	75	12
3	87	0.8564161016425146	19	1
55	109	0.6106099634089124	17	16
54	69	0.18451688074222872	76	83
6	166	0.026713898808488845	73	34
45	165	0.8076238217628318	41	38
67	129	0.20931682375163585	3	18
95	149	0.1284355787270034	39	17
14	29	0.7969900203532717	31	57
202	208	0.4169550759840943	16	87
98	158	0.7041753517695957	79	73
65	193	0.4972071665824914	32	58
125	41	0.5864791110788817	42	90
77	138	0.3257957655429865	1	45
186	25	0.39823362476804536	79	8
63	123	0.9737367016529971	60	27
113	163	0.94624568969323	27	38
128	28	0.03988174702937308	62	17
162	80	0.06971325873557577	85	66
203	87	0.5302596465383319	25	1
2	194	0.44251158830015014	28	26
7	207	0.45390650733676596	90	37
9	19	0.3037491938701946	29	39
117	46	0.43753424265211927	34	30
44	127	0.9683194521944376	27	52
180	31	0.3472685240359972	6	48
70	189	0.7544526619428229	84	81
85	164	0.447272818163464	25	37
64	138	0.6641883816040574	75	45
204	126	0.26505077614540695	5	24
133	62	0.6599550407927772	86	27
30	97	0.428897902090673	95	80
107	211	0.6193761164222412	87	6
100	56	0.18096349260968114	71	89
187	174	0.047273848494703286	29	11
171	155	0.8505473535106786	17	53
99	27	0.9542597556150578	100	65
74	213	0.9526480361997746	41	97
9	129	0.6434138471213531	29	18
129	39	0.16289631204299682	18	8
91	148	0.4649631225863742	94	17
110	15	0.5412615397661961	30	13
214	104	0.9558848660737235	26	65
169	52	0.8310776758482135	6	8
105	93	0.22816885057661496	12	81
97	11	0.8539219971362574	80	58
150	139	0.49823215440587043	25	94
108	195	0.3408462180701676	94	11
174	54	0.9078090626661764	11	76
38	37	0.3726116563524504	78	1
136	69	0.17249036475601165	44	83
156	109	0.3314211168634488	65	16
33	204	0.86193909460035	68	5
131	176	0.9590681574934419	19	7
173	124	0.4783596815972818	23	85
45	203	0.1614219191036811	41	25
45	164	0.9642913647329125	41	37
76	159	0.8635697201769329	15	56
142	149	0.6478020396859115	7	17
90	145	0.5947211104038744	62	77
3	91	0.40627096820662234	19	94
175	49	0.5637889343580391	22	19
18	100	0.14301921227997139	15	71
109	159	0.6392016209981782	16	56
166	197	0.6510666606014567	34	72
128	154	0.8710941690707404	62	3
193	45	0.6054429104090563	58	41
151	101	0.44540812265896046	33	77
47	171	0.6324326253252267	1	17
16	148	0.2401772726656397	38	17
26	122	0.8662869223716757	36	27
1	124	0.10217373701033927	25	85
161	119	0.1387208897727683	9	50
40	48	0.7559947060707723	3	96
18	69	0.47049744592261067	15	83
91	88	0.28067785235406817	94	70
103	48	0.7547889215891529	16	96
16	39	0.13151057223728135	38	8
207	168	0.9898520159632481	37	7
17	1	0.9753568691992671	73	25
13	205	0.4004630888364239	9	72
165	106	0.539168501406373	38	60
207	19	0.3949789688699168	37	39
58	38	0.04704730719664851	58	78
138	194	0.3082377619813973	45	26
121	170	0.6932965144999799	23	47
164	98	0.7598277669389868	37	79
196	57	0.09755756966648965	42	12
88	197	0.23502047342732235	70	72
203	33	0.8545596895523309	25	68
12	145	0.03966738052092711	66	77
32	175	0.6284274581393183	38	22
150	109	0.43615634485140475	25	16
164	38	0.19030765635652036	37	78
81	15	0.697770493152848	33	13
168	164	0.7374097615784226	7	37
15	164	0.12527935203093987	13	37
123	162	0.5210894684735318	27	85
176	193	0.8262110600830269	7	58
160	108	0.20413834948499843	42	94
128	38	0.10431957737457587	62	78
70	76	0.5384722640838204	84	15
18	63	0.797069120018469	15	60
186	202	0.9487059651472433	79	16
35	154	0.7765424785384426	15	3
71	75	0.9658302913274354	5	40
