sp1	sp2	symp	area1	area2
198	50	0.38052553921862153	75	80
94	14	0.4702249381242981	66	50
67	180	0.11111856183529834	66	76
11	52	0.1353210493233804	93	51
112	66	0.7699347255527963	84	89
165	121	0.35275833441219573	79	71
133	73	0.03187372722491244	24	80
51	107	0.22204022170131965	16	64
58	122	0.03305549153613618	60	7
71	49	0.05672900043101459	36	24
147	65	0.7636733565035543	15	61
92	80	0.9878421573245781	89	23
130	181	0.47607451773429743	50	89
136	76	0.7887877031957866	36	24
156	24	0.19501012278774787	46	86
1	40	0.2753702755901537	86	87
60	42	0.9190975677070746	43	6
177	203	0.7780579490416167	18	53
156	115	0.4703312003596243	46	86
143	205	0.6640864664373329	92	32
158	76	0.32217234993589927	3	24
159	153	0.232856112674256	69	15
189	68	0.041975712317566805	13	100
189	128	0.36027316536335396	13	44
54	167	0.44820617411344343	97	32
177	78	0.5960867533314653	18	50
24	190	0.7940151511625096	86	50
137	159	0.049243714209391665	44	69
57	167	0.3863933713235991	73	32
51	127	0.3460866703628829	16	15
83	167	0.5017111960421952	1	32
137	169	0.15693969251935602	44	30
157	178	0.37473622489293157	50	78
129	212	0.7783986808208839	85	37
148	131	0.6783431812136206	34	7
211	204	0.05277422919326458	8	89
39	127	0.2885245341958067	72	15
107	56	0.829088926143674	64	56
51	21	0.5180281895606681	16	38
31	67	0.8510287199674142	1	66
193	102	0.30325152291404167	43	88
20	47	0.6576371086098228	43	56
210	8	0.07014970362840689	64	80
157	123	0.5127625743374876	50	90
186	197	0.8468487160773207	64	44
130	1	0.702328177835447	50	86
114	150	0.6873794781334281	58	3
198	141	0.9514874268125384	75	34
71	57	0.7049426053996976	36	73
215	136	0.42882813937233155	11	36
29	40	0.9621575514180494	2	87
108	123	0.5458025949898526	9	90
50	115	0.9944895983399387	80	86
176	215	0.7814970590263471	90	11
140	206	0.7761432346856117	65	99
213	96	0.2581794133115807	58	54
127	178	0.14015599691381253	15	78
163	180	0.975721228876484	87	76
46	142	0.8986814512256605	61	52
60	212	0.35343958810364984	43	37
61	35	0.9086759377244265	53	40
74	203	0.4110845179699867	86	53
100	56	0.7257869212845149	77	56
71	144	0.31556624863425276	36	5
66	72	0.939719591321031	89	22
108	213	0.4796933631323631	9	58
40	193	0.705185519121249	87	43
192	25	0.902014465627167	5	17
97	183	0.7508362099023493	25	92
51	214	0.04486340216385132	16	85
179	4	0.8206222930475296	14	10
111	171	0.004307392254838116	68	94
66	151	0.2511680842406354	89	73
35	52	0.8083884613142208	40	51
47	50	0.3979588978652955	56	80
116	177	0.27389208444845625	95	18
173	113	0.39062098116886435	60	53
22	172	0.1192451193740739	93	5
213	4	0.23868720431551393	58	10
80	33	0.4349757517379147	23	7
67	90	0.9484911270379036	66	6
33	55	0.3392148582468094	7	88
109	166	0.215130309441267	83	75
37	114	0.5217422111437136	60	58
157	52	0.93276037796906	50	51
73	104	0.1503288781549441	80	36
203	140	0.22165362188742088	53	65
210	111	0.1177240950404782	64	68
157	60	0.3680674510946753	50	43
89	138	0.3828631206799712	76	72
172	135	0.6532506920307314	5	85
216	37	0.34488037064953403	96	60
161	197	0.816529824887016	66	44
205	110	0.13534248565074958	32	29
133	131	0.4153770932724926	24	7
183	77	0.24196499674638916	92	43
92	8	0.41060279171502867	89	80
75	63	0.999800498824695	58	49
67	15	0.36770175959944573	66	16
138	69	0.3202856648529657	72	20
100	202	0.5352279037225791	77	5
208	57	0.4068310840446031	3	73
108	70	0.8291414082283626	9	91
115	62	0.6245782934916815	86	55
211	7	0.955947813472539	8	79
144	200	0.33081559604152555	5	20
133	46	0.9821930231127389	24	61
97	39	0.9422180280175911	25	72
205	173	0.6626511986941513	32	60
9	69	0.6497147159974023	54	20
158	101	0.3983245356626156	3	18
156	147	0.6570920728988386	46	15
83	128	0.3378993997132076	1	44
83	157	0.3581655576932814	1	50
81	104	0.2448795452749204	85	36
162	103	0.7798828081539231	71	67
143	130	0.9032876653263268	92	50
67	52	0.6922206944922277	66	51
54	147	0.48636698443096626	97	15
65	165	0.4162966180847075	61	79
144	74	0.17607780573844956	5	86
9	207	0.5489718040887894	54	95
136	88	0.9090302240129187	36	73
177	176	0.6232964374556215	18	90
59	122	0.3929782254041474	38	7
43	54	0.16108862316015793	8	97
9	75	0.4956318642168246	54	58
135	190	0.9869978827338028	85	50
80	14	0.9354161887668558	23	50
135	55	0.6671614931570697	85	88
4	180	0.6780282724850102	10	76
153	147	0.5669252925661677	15	15
70	62	0.768471395680673	91	55
80	99	0.2087625854688091	23	31
101	60	0.3716448080114968	18	43
148	184	0.011251830339065405	34	91
146	99	0.7499230679246183	29	31
83	38	0.2343502421571042	1	19
154	206	0.28037544168354556	18	99
141	148	0.5348697059904107	34	34
5	146	0.5429053054687	20	29
174	153	0.37247234113423766	49	15
85	82	0.7949896676444885	21	77
11	88	0.8408702617006618	93	73
140	161	0.9962697160030036	65	66
139	191	0.017225152852724857	70	92
72	155	0.5854877837051139	22	38
179	174	0.3683812340783946	14	49
84	211	0.9212418121683745	40	8
100	43	0.43511922768542544	77	8
173	127	0.3814623720868324	60	15
50	62	0.23904342194185357	80	55
48	168	0.15213578383385928	94	95
26	208	0.18072942624954313	84	3
26	214	0.09511008053848358	84	85
163	195	0.9688159761152483	87	18
67	137	0.8413301660728542	66	44
211	14	0.9159761219826106	8	50
40	125	0.039356534451335246	87	13
35	74	0.6479017098266153	40	86
97	208	0.2708033058370066	25	3
75	208	0.3680691178502835	58	3
47	16	0.9162865877448995	56	12
96	152	0.1820849963476805	54	50
174	179	0.47697179064070805	49	14
44	114	0.503315464760262	17	58
115	151	0.7472194443597022	86	73
42	167	0.9007122344125872	6	32
138	142	0.16747216016337896	72	52
161	37	0.42972576997381473	66	60
8	191	0.7499317787280845	80	92
164	72	0.18800623449190812	88	22
79	63	0.2969717637013811	12	49
181	176	0.27969005001003744	89	90
125	86	0.7159026565994318	13	13
63	22	0.011410508120226814	49	93
194	211	0.6774696643251814	86	8
139	54	0.3667664362763694	70	97
70	167	0.06735524214021393	91	32
28	31	0.39978988481283595	98	1
119	55	0.8547530807143695	7	88
144	194	0.4615599217865082	5	86
72	115	0.7285669337588416	22	86
211	81	0.7048723418270305	8	85
186	147	0.6785818687705433	64	15
62	190	0.29666237916301086	55	50
9	98	0.7659846933168254	54	92
198	77	0.5032252057933135	75	43
174	147	0.9195491175016415	49	15
50	133	0.40115786461518654	80	24
186	23	0.5058327405687105	64	78
7	193	0.8453511776011928	79	43
71	169	0.7369026480596326	36	30
45	195	0.5205450968047627	37	18
61	192	0.8652579819556366	53	5
94	15	0.6873968800462248	66	16
104	19	0.42987127888337207	36	17
9	169	0.4778624079481779	54	30
161	72	0.012666254170490165	66	22
141	92	0.6570213494530655	34	89
63	206	0.5072040939716663	49	99
34	1	0.6129731482481734	12	86
159	15	0.10705667060401158	69	16
112	53	0.769666160978028	84	24
14	16	0.7462844821042862	50	12
81	48	0.4106037307782522	85	94
192	11	0.21333136892648674	5	93
97	4	0.23068251354000346	25	10
159	12	0.9307686856372833	69	98
58	56	0.42169733852012525	60	56
39	35	0.38977437995591724	72	40
108	133	0.46088079801317916	9	24
215	173	0.7525908083431002	11	60
189	15	0.3404856303834609	13	16
153	101	0.5981434199086743	15	18
52	121	0.9212488782959974	51	71
110	2	0.9820348709377497	29	55
164	48	0.4408956279273111	88	94
110	209	0.005070217409090749	29	51
42	126	0.4266802582601483	6	38
3	134	0.379229677334882	79	3
203	151	0.000997023441185907	53	73
23	163	0.9029674891665881	78	87
56	194	0.6278888145366104	56	86
108	134	0.18444585199132646	9	3
178	142	0.910923504702528	78	52
192	193	0.9606176182690462	5	43
90	28	0.6198564641234693	6	98
149	172	0.6638404527013427	9	5
24	159	0.5683198644654914	86	69
2	67	0.8356641072371053	55	66
209	52	0.5851357321535036	51	51
147	44	0.3180366028712738	15	17
211	157	0.7029863162207888	8	50
157	149	0.9668937487998664	50	9
106	137	0.19426677601284248	84	44
165	112	0.3450335482882644	79	84
55	119	0.3078231971830173	88	7
36	168	0.9723107284202653	51	95
185	119	0.8010461970485012	31	7
73	195	0.6910638560445391	80	18
61	89	0.2630949390802615	53	76
109	61	0.05549522092126746	83	53
204	79	0.8013728323446725	89	12
156	55	0.8665368790471532	46	88
53	37	0.291022444924558	24	60
206	55	0.5018522355041901	99	88
21	15	0.03686100601090703	38	16
173	193	0.24360454575448154	60	43
134	97	0.29187196413516336	3	25
177	125	0.6105817058547586	18	13
209	180	0.03370836834156965	51	76
131	187	0.6903077604974021	7	72
35	85	0.3715692101711773	40	21
30	13	0.33453829283275227	58	71
164	124	0.12283773856910707	88	51
145	183	0.33642834737525973	86	92
187	166	0.6959059499977963	72	75
182	120	0.43100548000519767	39	99
184	111	0.38930953119228706	91	68
57	32	0.7331657919512783	73	13
95	44	0.4298775813994814	59	17
196	77	0.4528904568374569	92	43
166	62	0.603752645558594	75	55
44	51	0.48142663221896786	17	16
130	175	0.9297505507185367	50	23
86	69	0.4440707105521352	13	20
215	96	0.4366633693735813	11	54
195	63	0.38418253681732806	18	49
116	168	0.06693810558375368	95	95
55	127	0.18772260894375903	88	15
190	88	0.7535191204988277	50	73
17	177	0.27390691831442504	95	18
72	41	0.01833383894226115	22	56
116	197	0.23191798387990947	95	44
26	147	0.6446045461671173	84	15
205	198	0.5402288684935834	32	75
73	156	0.014029192404724666	80	46
75	166	0.7661645954157955	58	75
139	32	0.9930937977334329	70	13
80	176	0.6314213310373691	23	90
39	72	0.8538143802321895	72	22
69	138	0.25934776818175853	20	72
68	144	0.12841850980897085	100	5
84	40	0.8583716262178299	40	87
81	40	0.02873179328119413	85	87
205	69	0.42858118704128356	32	20
20	149	0.25515725471351247	43	9
94	155	0.6991128326654293	66	38
75	35	0.7896281815120574	58	40
83	67	0.05518265799055744	1	66
30	55	0.11541859216162798	58	88
197	92	0.3800486211343763	44	89
10	74	0.6357464598453467	67	86
212	156	0.43929430917199186	37	46
11	61	0.6264290296330359	93	53
108	15	0.6567920275081273	9	16
211	148	0.8115797053601178	8	34
101	64	0.7032377610316501	18	85
80	43	0.4486397688727478	23	8
6	5	0.7227309152484456	47	20
111	66	0.26199939603350575	68	89
104	23	0.8007474845830629	36	78
53	176	0.49652006317803377	24	90
22	201	0.2185855683140212	93	45
124	82	0.006032899718991236	51	77
173	7	0.4859594510441543	60	79
195	203	0.16697850404965853	18	53
140	112	0.6767363024549408	65	84
77	201	0.6419630550706363	43	45
184	159	0.4366627133137989	91	69
111	195	0.78886839269084	68	18
159	141	0.560166250124728	69	34
59	205	0.07314947498801982	38	32
6	195	0.5401127011638681	47	18
11	5	0.04050289118464512	93	20
23	12	0.9502061347007518	78	98
29	93	0.9558901479395867	2	72
30	178	0.8457326834114075	58	78
150	43	0.19787228799328171	3	8
194	106	0.4934171384252394	86	84
165	192	0.9293892563028276	79	5
4	57	0.3511173320783204	10	73
171	178	0.2172050779130842	94	78
157	189	0.7365539878584232	50	13
60	178	0.5649719132396133	43	78
122	19	0.07604853313414262	7	17
38	14	0.1063988157583442	19	50
183	190	0.2298433051782124	92	50
120	64	0.5390201238029905	99	85
22	195	0.7957410805050621	93	18
129	160	0.006189015703977119	85	91
111	4	0.5766757064721952	68	10
81	27	0.4996313813566545	85	94
76	10	0.7905656690377826	24	67
130	79	0.6942838671407089	50	12
215	29	0.21965259136276238	11	2
156	140	0.6944244337316418	46	65
154	100	0.9077903987806674	18	77
148	91	0.16119570888492296	34	85
132	200	0.3919415819837192	56	20
110	166	0.35574614203881305	29	75
106	42	0.570191702080949	84	6
170	195	0.011019350085551882	23	18
88	159	0.9127838354811815	73	69
150	146	0.41111169348860255	3	29
26	99	0.9990580706000934	84	31
210	137	0.148243419253419	64	44
74	187	0.36976562673641233	86	72
86	72	0.24999254986465325	13	22
104	153	0.4074432066843713	36	15
201	13	0.444393095872164	45	71
178	117	0.23998354729276306	78	87
59	150	0.23330091661550745	38	3
175	29	0.3051750843561992	23	2
69	176	0.7979066373126737	20	90
55	19	0.2523502535597676	88	17
39	205	0.8970090475570769	72	32
40	58	0.08241951119182378	87	60
108	177	0.3492145196527201	9	18
115	146	0.4638877960881763	86	29
214	37	0.05068659864442415	85	60
93	41	0.04987282376074964	72	56
10	151	0.06563103236937484	67	73
31	147	0.7993852197122925	1	15
92	158	0.4024035545707779	89	3
166	27	0.12211552955825933	75	94
67	143	0.7774569768722032	66	92
161	102	0.3301078594357617	66	88
179	202	0.7491628896963205	14	5
73	145	0.3698406414045482	80	86
8	16	0.4578620475679518	80	12
172	11	0.4899175481619137	5	93
102	194	0.8692211371319937	88	86
134	106	0.21660705397375568	3	84
54	193	0.6285103796705606	97	43
176	43	0.19095636607408917	90	8
66	87	0.8583884105543667	89	26
119	123	0.8141648216244747	7	90
167	179	0.19690203205488654	32	14
32	205	0.7740067625402861	13	32
70	67	0.39801293412675254	91	66
65	160	0.8219188260551589	61	91
133	7	0.8128680910729079	24	79
55	121	0.015587765578100599	88	71
193	146	0.6888936830238425	43	29
14	41	0.483063873871884	50	56
90	47	0.8407938491627489	6	56
158	30	0.8972595210496698	3	58
54	158	0.8661431944484284	97	3
185	7	0.9649748461274199	31	79
158	213	0.7522053343023493	3	58
212	39	0.8261207383231021	37	72
202	124	0.33506172009279467	5	51
81	176	0.738908577609573	85	90
145	155	0.7473990102584036	86	38
32	182	0.7366392324505725	13	39
189	81	0.8020093799774302	13	85
2	132	0.824461573116696	55	56
17	135	0.7461580764829201	95	85
26	193	0.6277748017187468	84	43
155	157	0.6834589087712901	38	50
6	100	0.5763485172485607	47	77
73	43	0.9917036431103631	80	8
129	185	0.7171895077819438	85	31
2	183	0.1488190996259543	55	92
208	110	0.002910596385058639	3	29
119	140	0.9169533779727995	7	65
196	42	0.839554943115094	92	6
77	30	0.9517498453629526	43	58
129	180	0.4278177708669191	85	76
21	155	0.5616829806093346	38	38
58	8	0.008257037683737756	60	80
171	100	0.21051714787264608	94	77
83	9	0.49359971982280904	1	54
77	210	0.7359054935992099	43	64
122	63	0.4590218453464512	7	49
146	125	0.7048358307534488	29	13
210	37	0.7467381244216997	64	60
164	87	0.7082218791719905	88	26
121	20	0.9669748687151425	71	43
214	183	0.19071897829839346	85	92
163	211	0.37582022386055813	87	8
207	19	0.5150503252767061	95	17
181	102	0.4399272189290263	89	88
27	163	0.07612832166084749	94	87
71	131	0.7357143373440895	36	7
81	2	0.05571808213936835	85	55
194	211	0.10376262489398436	86	8
26	160	0.11938915072544598	84	91
179	98	0.5242984835757043	14	92
211	70	0.5761767357604981	8	91
72	184	0.2021675297167943	22	91
22	165	0.2667992287269966	93	79
72	155	0.8927744379832121	22	38
95	27	0.6114272435217373	59	94
50	216	0.12441021206600866	80	96
70	161	0.7396596819711009	91	66
201	199	0.8340497112227176	45	29
67	64	0.1082281289257141	66	85
182	70	0.5657174994702023	39	91
164	211	0.9863874777099316	88	8
90	172	0.37819270180781694	6	5
58	191	0.09269564733887625	60	92
197	94	0.8518625579068321	44	66
140	5	0.10860596750713147	65	20
114	190	0.13313463831348038	58	50
146	41	0.32689372222182933	29	56
162	208	0.8627709840068234	71	3
178	124	0.09395785025235492	78	51
130	198	0.5217040733528916	50	75
50	178	0.21141635033230355	80	78
75	27	0.5730996388440144	58	94
85	57	0.44807101455958565	21	73
120	123	0.9232826744418886	99	90
168	214	0.9739683105271132	95	85
198	153	0.30950276812953725	75	15
84	155	0.009624330385718527	40	38
165	142	0.9028627001443895	79	52
185	57	0.8069753856609995	31	73
172	174	0.6735034055090693	5	49
130	8	0.911813412516105	50	80
31	187	0.4174922461581173	1	72
148	181	0.8878455979082095	34	89
10	39	0.46399944071010857	67	72
2	169	0.8865311797308326	55	30
60	54	0.515618511648617	43	97
11	58	0.08071295351229779	93	60
40	84	0.18666736989029264	87	40
168	54	0.061033513612716694	95	97
154	25	0.7618386229797534	18	17
132	20	0.20952248515041516	56	43
96	206	0.6822034715663272	54	99
1	24	0.9671834561898786	86	86
106	205	0.5219928752621747	84	32
68	182	0.7812474230225216	100	39
189	42	0.15432077152457546	13	6
19	115	0.10289756206078005	17	86
159	183	0.7082582289480044	69	92
72	97	0.22612520615460496	22	25
87	212	0.7007725752886403	26	37
81	32	0.993184715393442	85	13
199	21	0.258312515271373	29	38
56	9	0.5051751803532055	56	54
204	139	0.3720373413703685	89	70
168	68	0.9295807128194764	95	100
38	108	0.3582639579664546	19	9
145	38	0.8420922347969497	86	19
79	173	0.22326979852570772	12	60
201	178	0.610148012504658	45	78
94	212	0.8685140128091013	66	37
162	131	0.9564179687128581	71	7
66	45	0.36588045308450656	89	37
211	42	0.4480406356966645	8	6
179	23	0.06354701888848735	14	78
144	20	0.8581466559056077	5	43
200	94	0.8831626624696068	20	66
104	61	0.2619309227210883	36	53
137	75	0.29508367696936	44	58
180	8	0.6206549321140524	76	80
194	64	0.1269513072166636	86	85
24	9	0.9296094509070901	86	54
135	3	0.554362294404807	85	79
9	54	0.30156489523696783	54	97
107	101	0.360671571451988	64	18
54	60	0.34410185064287957	97	43
164	158	0.32038350438395424	88	3
101	99	0.669315998140937	18	31
155	118	0.27212938323858593	38	93
91	211	0.4184215944402778	85	8
31	15	0.6369880248619507	1	16
163	110	0.10438755718884618	87	29
102	142	0.5932856880717461	88	52
44	213	0.25741551797426765	17	58
27	32	0.6483920439338001	94	13
130	112	0.16890616853732499	50	84
106	40	0.5528968288460133	84	87
170	130	0.778372206166487	23	50
23	30	0.3510646414912729	78	58
43	167	0.1442106390431711	8	32
64	7	0.6396769214608324	85	79
66	39	0.15302734103149063	89	72
193	127	0.32288204057199166	43	15
193	15	0.5301698917697661	43	16
159	151	0.8568554611884216	69	73
110	75	0.7140890743488715	29	58
145	144	0.7950398873454507	86	5
187	53	0.5035190527100194	72	24
78	108	0.17694487570442852	50	9
176	40	0.8394249428050298	90	87
169	113	0.011038595897337022	30	53
14	208	0.4388918974272684	50	3
62	178	0.19241280492344126	55	78
181	58	0.8596534568894397	89	60
206	83	0.7924928961081282	99	1
127	126	0.6168162815356819	15	38
95	199	0.024872378878877388	59	29
10	100	0.7748765900867447	67	77
128	11	0.14707191998977753	44	93
93	94	0.8535513963831644	72	66
42	209	0.8139702735947494	6	51
200	186	0.03654432216158077	20	64
184	142	0.30615584060585055	91	52
212	1	0.8430412734869974	37	86
139	6	0.42299441331145404	70	47
103	70	0.6590342952831824	67	91
23	142	0.12086728013657233	78	52
19	206	0.2647253663008261	17	99
143	66	0.7347622052972556	92	89
84	211	0.3513780801641848	40	8
100	180	0.10839944325006079	77	76
171	101	0.5873090644412805	94	18
58	155	0.14620685204366723	60	38
171	48	0.8559434933744308	94	94
27	35	0.02898107039644826	94	40
164	162	0.4018579337916528	88	71
134	32	0.5094328624997494	3	13
216	113	0.7781937231363192	96	53
164	207	0.6299007192915588	88	95
77	187	0.9786951210204199	43	72
117	84	0.08017460830508782	87	40
111	43	0.16813952608970684	68	8
90	66	0.2322015751158386	6	89
58	60	0.15898530998026084	60	43
216	48	0.6664896476623081	96	94
148	193	0.41068562405918907	34	43
194	195	0.3397308429881686	86	18
118	132	0.3084141515291595	93	56
138	212	0.9991313739358761	72	37
183	172	0.5312371591349511	92	5
142	53	0.4788568332178562	52	24
87	13	0.44200009638715165	26	71
32	46	0.8723511131259756	13	61
72	131	0.8344988741882029	22	7
31	191	0.4206904749368784	1	92
167	14	0.9054521259159558	32	50
24	26	0.26134663559837557	86	84
187	215	0.6913258949482268	72	11
96	92	0.20147182429631594	54	89
132	39	0.35268707333149285	56	72
192	66	0.6611263769213614	5	89
44	166	0.2360154429760779	17	75
163	202	0.8069641142995789	87	5
157	116	0.21642357229477827	50	95
100	120	0.6256172623135406	77	99
119	106	0.3069038030433531	7	84
210	91	0.3621674140545613	64	85
216	136	0.3437250758508721	96	36
186	122	0.7592200007955838	64	7
156	59	0.3843306803943337	46	38
74	65	0.16312782410529647	86	61
28	209	0.6070387553649073	98	51
216	28	0.3962927225074885	96	98
206	192	0.635759334963964	99	5
139	190	0.003595461072876227	70	50
106	191	0.30692460964783097	84	92
179	86	0.561081203177144	14	13
84	8	0.6009642190053309	40	80
71	199	0.5998333169908748	36	29
24	213	0.45246951576457695	86	58
133	64	0.9335657575388385	24	85
93	15	0.1209848427421567	72	16
