sp1	sp2	symp	area1	area2
120	25	0.8560801351034885	50	10
80	179	0.5821060041010182	85	41
100	32	0.6753538226456752	44	33
27	68	0.32508339178814816	74	67
101	73	0.7073062704276794	82	94
140	32	0.005473302808771452	58	33
16	63	0.5420383110112064	39	8
89	35	0.42122451675910944	68	12
170	132	0.05400846886355826	36	74
107	98	0.13970643394658655	71	17
164	32	0.9769306253031969	70	33
182	28	0.12785050156143807	32	79
79	38	0.4759344044177787	39	10
107	13	0.2888764620278511	71	78
71	105	0.5674949162966734	22	90
154	100	0.2918624097508521	19	44
100	76	0.03404256956518137	44	47
150	123	0.8007819431444614	27	12
201	130	0.8020867048247303	88	48
21	83	0.9213418158062239	41	13
77	49	0.9700049131187626	61	38
17	70	0.5094770504279135	79	51
168	147	0.7724526294653044	87	87
72	7	0.11648700451322791	38	72
12	166	0.27258807489456205	60	2
5	55	0.44071343036404	60	85
56	121	0.06227934296575566	93	36
115	15	0.1695210730854656	74	55
18	95	0.5941554724400725	29	55
36	142	0.9963456102110203	35	33
196	18	0.45184315290161603	14	29
117	101	0.2081818482490856	28	82
100	54	0.0354786035111625	44	98
28	177	0.09540498573439682	79	66
44	212	0.1366077191911539	1	28
50	181	0.4537933680112054	35	33
34	202	0.2262347095841598	26	80
12	195	0.6934128453536904	60	22
11	97	0.2324347304558777	17	87
137	83	0.018702275000586077	17	13
22	123	0.6677969577754108	44	12
121	67	0.2158516792570555	36	61
77	136	0.8973009818610923	61	85
170	51	0.8748393463566927	36	30
28	201	0.3144715652142701	79	88
153	25	0.8846151770290858	81	10
15	190	0.13462874574153572	55	29
22	192	0.8369911742123142	44	94
64	183	0.5197002547962062	35	63
135	146	0.7382117224129722	28	14
145	13	0.4355507944365258	55	78
20	143	0.7136003242443468	63	41
120	146	0.8726757518548047	50	14
106	141	0.3594068243222014	73	11
192	71	0.9601373127341845	94	22
216	108	0.6186099477687366	76	97
184	203	0.5558871448191537	94	4
55	141	0.4142273604629416	85	11
96	64	0.17406714543564483	98	35
41	102	0.16222807850723608	74	95
177	85	0.6615679524001455	66	75
69	211	0.7837853193389459	6	19
201	30	0.7475508630592763	88	25
189	139	0.06810000711782316	44	95
1	57	0.5665226759666756	38	17
128	49	0.22006189078646776	91	38
78	23	0.2567599344852204	59	10
115	101	0.26087647967991046	74	82
114	18	0.8026187664265455	43	29
168	124	0.4329598677095443	87	94
124	102	0.43999531845202866	94	95
2	203	0.839584606664332	59	4
143	123	0.6195877167923542	41	12
52	215	0.13646076622354963	51	55
160	82	0.9367386497930552	68	20
178	112	0.5142746879482769	50	31
131	201	0.2910696911347017	34	88
149	94	0.16291812626934365	78	75
23	72	0.36940172974530217	10	38
34	168	0.6209430844158995	26	87
80	33	0.15003550813702238	85	93
158	198	0.4567111887520703	27	11
165	174	0.5596857373114509	10	82
195	192	0.207378216941851	22	94
29	39	0.583150979143365	16	13
19	161	0.24563322911898566	84	86
130	94	0.6245058868235042	48	75
182	126	0.17911410515241155	32	29
89	45	0.6531541504283108	68	91
112	19	0.8695250189411682	31	84
189	4	0.6968859002291966	44	34
81	119	0.4420985924099212	45	18
174	96	0.5019612045730351	82	98
1	38	0.7033963589887611	38	10
208	11	0.658601181277386	36	17
194	34	0.7689752657346337	99	26
75	157	0.05514070421433359	49	28
212	90	0.4013877621966542	28	40
132	198	0.368324380432252	74	11
73	71	0.30717844665370264	94	22
129	60	0.3821781678184707	82	74
126	118	0.10870623775221933	29	72
109	147	0.14059336715036097	50	87
94	30	0.07035727786880364	75	25
1	47	0.3598153174726496	38	1
19	58	0.3137717578371948	84	56
51	123	0.40181278822403577	30	12
13	129	0.047732645504277804	78	82
179	49	0.20428619425629768	41	38
194	9	0.3276697634300445	99	75
184	3	0.12038307068493026	94	9
123	94	0.12570635333399482	12	75
122	83	0.9990651071298046	67	13
8	191	0.2818755583131979	3	62
97	89	0.2867263497997662	87	68
113	88	0.8644953552488509	38	84
159	112	0.6707232290491216	72	31
132	170	0.14296741229795196	74	36
56	138	0.39268450254698317	93	72
90	48	0.09636338513172904	40	33
13	118	0.7140737017440165	78	72
169	33	0.026123587574774843	18	93
142	51	0.38004636603132735	33	30
64	124	0.4175050976210116	35	94
91	186	0.1671491586226913	34	28
33	211	0.24223966725912283	93	19
31	20	0.694320416128262	80	63
13	146	0.8054553345928989	78	14
178	186	0.9185250797721694	50	28
29	78	0.1980716200218463	16	59
62	154	0.13283728541636075	72	19
111	165	0.574602621822644	30	10
118	176	0.4874453614675941	72	56
164	27	0.6236613421359785	70	74
216	147	0.4586759471108055	76	87
78	73	0.8114309748565167	59	94
208	166	0.37204878281283804	36	2
11	71	0.5089542197343291	17	22
3	173	0.8300688312049538	9	100
137	44	0.5892209310717085	17	1
27	162	0.8762361137496317	74	81
4	211	0.8671862539233407	34	19
199	185	0.7601615999823479	27	60
52	80	0.3410368265051017	51	85
158	146	0.05687991769694678	27	14
85	16	0.08252772710144074	75	39
183	186	0.8614835615220165	63	28
158	168	0.5434146806322924	27	87
99	154	0.8439484093547838	84	19
164	105	0.9177736937495927	70	90
19	51	0.16020003328290333	84	30
28	40	0.6718408193736978	79	44
117	56	0.39974653836247653	28	93
148	124	0.7972296267190525	95	94
22	92	0.9210826077940281	44	32
192	213	0.6917089525490855	94	74
184	104	0.5771011434453192	94	91
1	192	0.06943974370003658	38	94
142	178	0.013544072546195718	33	50
91	15	0.18739491430860877	34	55
138	140	0.4723855930737936	72	58
29	2	0.22989743299928467	16	59
1	85	0.8946815912064269	38	75
158	177	0.7081250673413458	27	66
193	33	0.6974147960166703	34	93
165	195	0.8917999917540002	10	22
170	201	0.37905928657207977	36	88
167	141	0.8440293276374148	49	11
13	23	0.958411958225904	78	10
146	108	0.5485534110325493	14	97
115	86	0.5779829180276903	74	37
128	11	0.08018485779276241	91	17
176	198	0.7269279229935057	56	11
209	52	0.9784972628683516	82	51
126	52	0.1598259388409745	29	51
91	86	0.7914104370373782	34	37
140	91	0.24606023113791475	58	34
148	106	0.8098078890671888	95	73
210	121	0.5154268059285095	38	36
17	108	0.6070290878840974	79	97
72	138	0.9977766188975212	38	72
126	71	0.423286543485362	29	22
207	127	0.7074623216808489	91	95
200	12	0.6398411818413874	12	60
196	140	0.1659086891578322	14	58
120	165	0.7713996617673483	50	10
32	124	0.25428247275728844	33	94
132	5	0.4988957122214084	74	60
183	75	0.2412210480108773	63	49
136	146	0.21808503677161784	85	14
148	61	0.7151762779664115	95	26
42	187	0.6520840531816992	53	72
123	211	0.7752025231737232	12	19
39	210	0.6603207219857119	13	38
5	20	0.12832728368646673	60	63
59	81	0.16722618362153951	5	45
40	167	0.6417752213737655	44	49
18	75	0.7926522351465977	29	49
84	149	0.1675063749386344	1	78
129	5	0.18343883279842466	82	60
113	46	0.4390368143517728	38	63
144	148	0.3239184575955101	12	95
49	200	0.8626969532949138	38	12
179	65	0.05614159792926798	41	12
129	9	0.5381692860125291	82	75
84	35	0.5731433225333565	1	12
60	6	0.5281191577063531	74	19
100	70	0.9904324536315353	44	51
43	206	0.7163938731447583	73	34
60	191	0.4840411181080778	74	62
169	55	0.857558015056792	18	85
66	116	0.29843361939273794	36	89
103	177	0.27617392645598904	97	66
62	202	0.41192805376864683	72	80
159	104	0.30797910541867857	72	91
173	45	0.9951835675797801	100	91
93	179	0.49803309602636414	90	41
51	199	0.5882438088590085	30	27
94	100	0.24690524258376623	75	44
120	8	0.3744727124899089	50	3
115	35	0.9272770032855684	74	12
74	188	0.6778887548228288	32	30
49	40	0.18591347612360276	38	44
146	59	0.22601187344573248	14	5
185	123	0.2612348388868294	60	12
72	184	0.04674755140849007	38	94
62	132	0.9829198053661182	72	74
150	183	0.44760625525167475	27	63
96	11	0.7484766135102978	98	17
2	52	0.030690758286832986	59	51
26	156	0.46708894826024805	27	27
172	192	0.6273706864642326	60	94
150	109	0.5838426837198515	27	50
30	198	0.4784176420869456	25	11
9	44	0.8392461604537037	75	1
75	61	0.35803162679324496	49	26
32	178	0.7898611387197729	33	50
186	122	0.4789662386399265	28	67
86	11	0.15516901878169964	37	17
90	179	0.6247069117767494	40	41
51	170	0.39614126168110275	30	36
3	127	0.6048570061105684	9	95
179	91	0.1086092554176521	41	34
4	31	0.3930796503758882	34	80
102	187	0.5116083439468477	95	72
195	12	0.4733943676004295	22	60
164	16	0.13285829212330025	70	39
157	20	0.3469577467681989	28	63
176	12	0.20154821989397032	56	60
103	117	0.0024772839966479276	97	28
107	57	0.5595578172483776	71	17
95	75	0.45699879124006393	55	49
101	62	0.6782880940990013	82	72
209	3	0.7453844476412332	82	9
45	171	0.6271404182946265	91	55
24	188	0.2174146087645159	94	30
14	128	0.8995284967122611	32	91
181	123	0.3421654596859721	33	12
162	124	0.4217037081676841	81	94
86	153	0.6421357484925599	37	81
47	182	0.9518096557105381	1	32
161	122	0.851021556699416	86	67
51	144	0.9194305100023099	30	12
177	136	0.6238041081309957	66	85
184	62	0.2862123090656665	94	72
177	1	0.054751977513647576	66	38
21	152	0.2461081861517943	41	77
77	210	0.37178930975194735	61	38
40	106	0.14948078248957497	44	73
208	157	0.03604222495854603	36	28
75	106	0.5437238988667422	49	73
30	41	0.774052345568365	25	74
119	14	0.6426203136224348	18	32
148	70	0.9827443426999998	95	51
36	139	0.8655266160989316	35	95
207	83	0.24140788388977252	91	13
93	202	0.9283065030136782	90	80
196	26	0.3642618993367899	14	27
36	156	0.4986534193219918	35	27
116	102	0.7666074674823268	89	95
185	177	0.99942684302868	60	66
85	97	0.5304533552086624	75	87
125	212	0.7136601370566446	100	28
87	76	0.2595365560416897	63	47
15	85	0.12576839599808132	55	75
74	96	0.7954375062437108	32	98
89	154	0.1972556647921856	68	19
48	163	0.9858547479778941	33	44
159	114	0.1808380622587218	72	43
124	30	0.5000127084850571	94	25
210	28	0.3233650439766772	38	79
59	154	0.49582476908145723	5	19
204	142	0.35313454679484424	99	33
156	81	0.04713929317785992	27	45
182	42	0.35061534772869574	32	53
20	9	0.8365695900185773	63	75
171	63	0.27944426079453333	55	8
8	25	0.3925333545720594	3	10
127	131	0.7021258015564839	95	34
184	212	0.29862513132163226	94	28
208	197	0.2860860303906373	36	47
214	126	0.1573251378839835	23	29
120	37	0.5535363164897602	50	97
50	114	0.052189581625111225	35	43
14	99	0.17170830637465928	32	84
136	24	0.4547607255668852	85	94
131	209	0.03405768587956548	34	82
28	173	0.548522560059514	79	100
206	182	0.3237492596692879	34	32
145	181	0.16767996798566132	55	33
178	189	0.13548927701311442	50	44
51	84	0.10031537327481921	30	1
89	112	0.5281346762964166	68	31
153	193	0.7014025089961664	81	34
165	128	0.6430644628823179	10	91
59	144	0.526411629945491	5	12
29	52	0.8213187921102862	16	51
99	126	0.9460142789374311	84	29
201	188	0.634261268394208	88	30
197	185	0.3056843031634573	47	60
97	109	0.4008750862834368	87	50
58	78	0.2752597244487497	56	59
70	178	0.1126673022684157	51	50
149	197	0.9720334107569972	78	47
189	111	0.29532827777605486	44	30
112	79	0.20744812280728486	31	39
43	159	0.9911081671011367	73	72
181	67	0.2156403581084575	33	61
63	144	0.288810991795156	8	12
118	215	0.1187713849156321	72	55
147	53	0.0876433247000924	87	91
87	100	0.2432451173520569	63	44
118	192	0.9303721931173727	72	94
47	57	0.561239022698785	1	17
17	45	0.7579397971176655	79	91
31	130	0.49562343802031505	80	48
143	206	0.02148140321004577	41	34
166	29	0.6690476468521603	2	16
152	142	0.8045044712073857	77	33
102	167	0.28980745748544645	95	49
211	156	0.8167384286208276	19	27
79	193	0.28933590745720517	39	34
27	81	0.9832730403232603	74	45
4	167	0.5911947142389532	34	49
127	188	0.53521821766457	95	30
211	85	0.6639937252145925	19	75
59	100	0.7572804291894499	5	44
166	138	0.8527042476060743	2	72
99	123	0.05025461987681801	84	12
112	69	0.030613940070562617	31	6
135	49	0.4272908532070818	28	38
146	89	0.6433431780049855	14	68
125	194	0.9149897189526932	100	99
40	85	0.5841096968727313	44	75
83	33	0.5347326936024219	13	93
53	44	0.42770968605790505	91	1
183	22	0.1407565414636952	63	44
34	133	0.7854559859469735	26	24
110	20	0.7959225549682183	47	63
81	77	0.39560666032920055	45	61
104	116	0.20654008697430548	91	89
80	11	0.7217586144487412	85	17
91	66	0.8866517196761401	34	36
89	198	0.48346355738817826	68	11
143	157	0.8232624297171821	41	28
144	20	0.33061649394300974	12	63
211	112	0.5749466413976103	19	31
137	23	0.26183457462127524	17	10
111	201	0.3111419329169419	30	88
154	57	0.6694794804335693	19	17
150	14	0.7668771922041472	27	32
177	28	0.8441140093644491	66	79
65	37	0.563591446130834	12	97
44	50	0.3958867631935641	1	35
204	27	0.4548516673264906	99	74
34	24	0.3940873625984568	26	94
79	211	0.5602990728197164	39	19
72	59	0.2548418627393917	38	5
29	197	0.14275285508689994	16	47
147	83	0.8119297025978051	87	13
145	156	0.04267481611222512	55	27
120	192	0.950608312128238	50	94
51	183	0.5876370653056354	30	63
41	197	0.1624457264812732	74	47
140	63	0.04738690617744401	58	8
121	140	0.18238439010280927	36	58
55	53	0.7072824864041982	85	91
181	170	0.4700269761012801	33	36
75	180	0.9027114607475905	49	11
35	195	0.5548794167930059	12	22
81	25	0.11620887963191173	45	10
18	15	0.8174105944859579	29	55
154	42	0.8831891556287657	19	53
25	199	0.25532225352796034	10	27
58	143	0.9938062224883437	56	41
210	37	0.15144359967499688	38	97
107	196	0.5877877884608153	71	14
74	108	0.2510087194062982	32	97
207	176	0.41779743379374235	91	56
181	45	0.4535559427463227	33	91
28	185	0.8055242692582506	79	60
159	124	0.1684533934253205	72	94
144	126	0.8327765799130029	12	29
165	137	0.11414158789370088	10	17
17	128	0.9370820999729012	79	91
167	141	0.6132909192772807	49	11
105	197	0.9519542016060937	90	47
41	198	0.6482097461529293	74	11
198	132	0.9372800391157453	11	74
181	67	0.18132551869976044	33	61
123	35	0.450467373835419	12	12
151	118	0.5573768758236481	36	72
71	47	0.36966851213819574	22	1
30	49	0.5461063819481864	25	38
77	152	0.567873717473171	61	77
192	119	0.2807800405359512	94	18
2	149	0.2182623805841618	59	78
61	83	0.8796000326320471	26	13
102	139	0.7505112720859187	95	95
85	100	0.40294624188536854	75	44
49	33	0.44941448297153785	38	93
211	137	0.06715064492160538	19	17
50	155	0.3418407479381532	35	90
41	162	0.6354273426170336	74	81
182	154	0.47033132512693243	32	19
159	59	0.9975311551250843	72	5
211	124	0.6102115975990879	19	94
9	71	0.15661725025890738	75	22
64	70	0.3691202010542599	35	51
37	207	0.4566293210933555	97	91
9	28	0.14075437339691832	75	79
13	192	0.31259495776746604	78	94
44	149	0.042390875682202345	1	78
125	48	0.5691781154173097	100	33
124	140	0.7254481442367023	94	58
90	67	0.5480686081682699	40	61
194	162	0.9142949727817427	99	81
213	148	0.5106020813461284	74	95
106	203	0.5450085542057445	73	4
133	189	0.9157137899039896	24	44
124	2	0.8907655646446363	94	59
170	215	0.9441877648097368	36	55
67	124	0.17764997007975059	61	94
63	131	0.550628840577628	8	34
211	43	0.9549244058954264	19	73
97	107	0.8990975036192465	87	71
90	147	0.19608533484066581	40	87
106	182	0.679174732218483	73	32
155	80	0.5190910269189174	90	85
164	189	0.9593150008571372	70	44
123	1	0.7076829363830268	12	38
17	111	0.5326210061085549	79	30
138	128	0.017411996815284936	72	91
63	67	0.5084414667201794	8	61
165	55	0.09530516678902778	10	85
191	185	0.057456811303268074	62	60
167	13	0.40662405243620536	49	78
8	84	0.03079051761270213	3	1
37	45	0.19354030126374788	97	91
59	161	0.3972465039373293	5	86
73	112	0.6893291514100939	94	31
137	211	0.08977135964036254	17	19
211	23	0.7114657408532229	19	10
107	208	0.6199716612106794	71	36
53	157	0.895825361726348	91	28
147	120	0.9277855793265036	87	50
110	194	0.6039053517987242	47	99
124	119	0.2681767895432483	94	18
59	207	0.6275181629487337	5	91
38	75	0.27090351138961555	10	49
139	119	0.478175542830396	95	18
213	138	0.056524985318829546	74	72
58	33	0.6355416301052327	56	93
99	112	0.6971595465801976	84	31
74	197	0.3674639267095542	32	47
126	109	0.17795276860834863	29	50
194	62	0.7021743809135516	99	72
94	159	0.886915377140438	75	72
138	208	0.5342610305028853	72	36
43	203	0.9338350189639149	73	4
190	111	0.7805303316957561	29	30
23	92	0.595701184435001	10	32
134	89	0.3636348981033034	98	68
35	156	0.7920870446269198	12	27
191	98	0.5479478584884567	62	17
122	136	0.09342592558812912	67	85
133	180	0.05127955809639717	24	11
78	134	0.585781894115273	59	98
6	192	0.6075627314300678	19	94
183	134	0.07596530283304692	63	98
32	200	0.5497979775337547	33	12
119	58	0.29127568641377577	18	56
205	156	0.5324267524182441	67	27
204	138	0.9431560324936098	99	72
213	27	0.3163397798082289	74	74
177	131	0.19061713719100026	66	34
47	150	0.3568430761883842	1	27
88	166	0.43419722233265645	84	2
141	144	0.9316844541669612	11	12
105	15	0.9100410780207232	90	55
61	146	0.5086599337686214	26	14
96	56	0.3347757723285103	98	93
107	58	0.4478130969903348	71	56
95	108	0.9561592688667916	55	97
122	70	0.8521212625072172	67	51
177	135	0.14808103262187677	66	28
214	117	0.31811459450819257	23	28
78	114	0.5770387107829216	59	43
152	27	0.24752297837499881	77	74
51	120	0.7093083915183396	30	50
70	45	0.3531687355043549	51	91
187	212	0.5489854614138191	72	28
175	92	0.2225783726628071	52	32
23	146	0.23257889031137047	10	14
112	214	0.8784448196288548	31	23
115	174	0.15774683017421753	74	82
159	96	0.10271443465626695	72	98
173	106	0.5461455429830342	100	73
181	112	0.4101155480003139	33	31
135	34	0.2821304320046899	28	26
190	99	0.21014090156421483	29	84
180	85	0.04431106692351916	11	75
95	54	0.34487397020924937	55	98
213	194	0.5873986545657903	74	99
6	71	0.989024400599498	19	22
7	186	0.8141952298180489	72	28
41	137	0.8127984565711247	74	17
206	211	0.49720135036472046	34	19
95	68	0.6479995665581411	55	67
66	123	0.3965290242041375	36	12
179	185	0.4221195478540233	41	60
111	173	0.34641944614992415	30	100
22	138	0.3265595440312419	44	72
99	122	0.2172031714076309	84	67
182	74	0.2074010262762257	32	32
55	63	0.8770660718092302	85	8
28	58	0.9922189361545699	79	56
10	25	0.2670445053862004	67	10
192	48	0.40433662904682766	94	33
92	24	0.6134105134458419	32	94
172	138	0.44005153975083533	60	72
24	215	0.5550125382896299	94	55
162	211	0.5381680530182283	81	19
216	93	0.8162151783886697	76	90
94	179	0.12806404279937988	75	41
148	6	0.37129799520680384	95	19
129	186	0.33476717446016047	82	28
5	178	0.016634931791766783	60	50
77	29	0.8901018557331789	61	16
89	139	0.3760169150004983	68	95
44	187	0.43916947737400724	1	72
53	31	0.18389830094101656	91	80
213	51	0.846582821042593	74	30
131	70	0.8489152812920623	34	51
20	153	0.45183829438561507	63	81
204	33	0.573453217902147	99	93
36	23	0.8754749087037988	35	10
17	149	0.276379433627132	79	78
149	6	0.41007763605818337	78	19
126	194	0.6757893641340247	29	99
158	203	0.7302322560372496	27	4
3	194	0.6013078948451991	9	99
70	95	0.09881858033026825	51	55
144	68	0.6414051650319555	12	67
182	15	0.07777155750618181	32	55
174	100	0.29569509802978944	82	44
5	124	0.49169385994398873	60	94
184	44	0.6405611184698884	94	1
210	37	0.9432916249307545	38	97
8	68	0.2772206807608141	3	67
17	50	0.5581748288824109	79	35
80	142	0.09950840189048893	85	33
82	83	0.869918687614356	20	13
56	185	0.625953156158662	93	60
157	153	0.022581994745943246	28	81
183	114	0.3273396588567925	63	43
66	214	0.2148988204924358	36	23
148	137	0.9277796043416344	95	17
31	57	0.7554462130693502	80	17
61	28	0.8689267373728901	26	79
138	171	0.8515055159422701	72	55
143	5	0.3032430813574958	41	60
174	183	0.559190083904353	82	63
94	25	0.36309540180918654	75	10
100	135	0.5829395514749026	44	28
93	143	0.31044786018211623	90	41
140	168	0.022616353919487908	58	87
185	62	0.35760912421512003	60	72
31	82	0.49782819788806565	80	20
131	110	0.24833716523312943	34	47
130	64	0.41666688261175533	48	35
52	41	0.40957533739766727	51	74
207	105	0.7588455768758617	91	90
20	106	0.28488685363784627	63	73
160	29	0.3628649230857104	68	16
6	137	0.04898794051067945	19	17
68	99	0.22434940962182404	67	84
128	51	0.43481507761080684	91	30
75	39	0.25197689729351014	49	13
194	199	0.9789868539319512	99	27
174	171	0.42867511429153715	82	55
50	174	0.4387066064410997	35	82
