sp1	sp2	symp	area1	area2
122	88	0.527521790166399	16	16
100	205	0.9694287676953498	14	76
140	148	0.4249787946498972	54	32
136	187	0.865944844048234	91	37
149	46	0.08364430454979166	3	38
57	37	0.17846686381895704	54	13
200	98	0.08841468307879996	13	64
79	194	0.13527541195246928	32	88
57	133	0.5974003545727141	54	71
86	212	0.9043482521914497	88	30
1	84	0.9145653952654682	50	52
75	190	0.23234840105204557	66	29
22	184	0.918912444387384	73	14
201	50	0.6488546212539941	73	28
2	171	0.07834011933930496	54	11
35	117	0.7700664202754961	85	37
87	13	0.8100361496081447	17	60
76	10	0.4379774039144395	81	66
29	10	0.42493977183573384	61	66
171	106	0.6420713335368733	11	29
196	93	0.994151964402823	19	31
213	210	0.42662831604664764	86	100
78	14	0.6193074830466085	67	29
37	73	0.4734646965112498	13	16
196	133	0.6813576936940324	19	71
154	199	0.7237361459528081	85	97
159	16	0.44094034374289526	69	17
149	77	0.9553125069832002	3	72
12	158	0.5196762582795278	1	39
128	211	0.2057952130734041	94	3
154	144	0.3895698533851554	85	70
182	19	0.859395749283885	11	8
157	79	0.536254915760363	15	32
125	91	0.196324857362278	42	43
10	48	0.6830733642305916	66	2
5	117	0.40707130572566774	99	37
182	129	0.8506096612580915	11	75
57	97	0.024521960357258843	54	90
81	120	0.8762670456824421	14	96
164	111	0.39152645127941066	13	3
186	78	0.84681115765463	92	67
89	69	0.12315453352115369	35	97
124	174	0.19600436081437167	81	40
198	213	0.9675260038710413	81	86
118	70	0.965189056416492	93	79
45	116	0.19140322724287306	49	63
143	34	0.19453973336380326	46	49
201	97	0.35153650558427196	73	90
160	176	0.3964868938721712	16	3
206	202	0.4028673381346799	58	56
46	190	0.45441637477040586	38	29
32	148	0.05213975690170192	20	32
182	163	0.015830662190381983	11	96
136	20	0.40354463337223145	91	45
149	33	0.3366130544898783	3	1
193	75	0.5606861349219366	38	66
197	48	0.001921617893654859	98	2
194	131	0.6679128041249556	88	29
76	31	0.5881114944922239	81	17
95	165	0.7564927586266225	14	6
51	131	0.5524936444265904	23	29
198	44	0.893240680834792	81	93
137	90	0.46048785831229644	96	63
195	89	0.41959895759478816	21	35
38	163	0.9364524635861577	27	96
127	54	0.9552567609403755	26	78
15	23	0.37216840324391465	47	94
90	73	0.2879592983713374	63	16
125	46	0.41756478739059155	42	38
95	176	0.8170798976155872	14	3
174	32	0.21366178038149453	40	20
100	163	0.779995476394415	14	96
78	20	0.5183170225173036	67	45
164	3	0.1798076974384516	13	76
100	48	0.36256749954508605	14	2
94	137	0.6547994842160603	20	96
119	183	0.19158246575902005	69	69
176	41	0.0023414088039740433	3	75
55	43	0.5206181358268717	18	74
198	53	0.029664660252837316	81	42
192	147	0.2587424305593503	41	71
117	69	0.7040025968407967	37	97
75	180	0.5785679271719488	66	17
139	192	0.7407230118143182	25	41
27	115	0.7120374210163536	82	73
3	183	0.9700495243679784	76	69
15	122	0.41833932497786164	47	16
22	167	0.28205324266370024	73	65
24	90	0.9060794176652093	96	63
73	121	0.45081791926402404	16	31
194	102	0.6021488189054454	88	69
183	20	0.915532941362428	69	45
96	113	0.9143487881368226	2	58
163	195	0.26622423606187495	96	21
207	23	0.2707271817606769	34	94
77	135	0.6932759193158439	72	97
90	18	0.16639347968001073	63	15
97	155	0.460692160833575	90	20
211	20	0.25786826936945184	3	45
174	71	0.5336539767240037	40	54
111	47	0.7797014028309078	3	38
79	69	0.9671919905272536	32	97
97	33	0.9991403063616646	90	1
109	153	0.607842692865344	16	9
212	77	0.007024731284636321	30	72
173	127	0.47649860765193686	44	26
54	172	0.3442296685467201	78	59
26	44	0.9700680307178146	8	93
181	216	0.8867901502408561	88	3
168	20	0.30652513697348915	38	45
181	201	0.9393641167515776	88	73
143	188	0.5218739206088274	46	70
100	175	0.479346034367073	14	76
152	155	0.2411102489050435	7	20
54	80	0.06844644098761454	78	69
34	115	0.6853756494576412	49	73
160	134	0.05764209292779543	16	22
93	19	0.5240734593249151	31	8
17	10	0.4592338391629823	69	66
25	92	0.2566916537487125	42	28
201	192	0.6117912532589529	73	41
59	120	0.9686603680647825	26	96
146	173	0.6758065067991652	31	44
120	80	0.8526765531860075	96	69
109	115	0.7607691125349397	16	73
212	28	0.44334835336465805	30	27
169	17	0.09798674435400745	33	69
17	1	0.7992613610609847	69	50
48	197	0.6950956470875566	2	98
213	20	0.8973196770154256	86	45
159	28	0.558884646534341	69	27
176	215	0.6017753217738964	3	93
119	72	0.7158361025479827	69	26
47	72	0.7161703012939601	38	26
115	150	0.4592020279710062	73	53
130	37	0.2392870135190266	84	13
151	12	0.49583026307714284	67	1
91	94	0.09943761489341951	43	20
80	143	0.13186745875440065	69	46
69	34	0.6975446510858102	97	49
142	70	0.28567077129569574	84	79
16	89	0.1343818134445034	17	35
206	197	0.18472093004684165	58	98
52	42	0.699542902774167	6	32
32	10	0.4788437853469497	20	66
103	152	0.23765840623612766	39	7
80	150	0.15150274231643157	69	53
57	182	0.0960508934983968	54	11
193	30	0.9635719338161104	38	55
5	166	0.25052878420088853	99	89
39	163	0.3913968878146059	67	96
215	140	0.40985088328964925	93	54
178	129	0.66978070953281	86	75
185	29	0.8135041737336208	78	61
176	30	0.9139936248971581	3	55
137	130	0.09491369312837694	96	84
104	117	0.7865751192421087	40	37
32	172	0.9887073498560656	20	59
71	87	0.7935444138779453	54	17
120	162	0.918521698147284	96	9
196	209	0.8280872707751225	19	90
144	55	0.27435921630508875	70	18
57	15	0.5706269906401652	54	47
166	73	0.7004590791762016	89	16
39	162	0.5445481398001882	67	9
26	24	0.2698813798966765	8	96
61	182	0.41010173542450135	25	11
143	127	0.7835768459475004	46	26
88	77	0.34009722917661744	16	72
201	28	0.547530225658601	73	27
108	191	0.8146705761302028	95	2
193	75	0.42915239886908796	38	66
96	100	0.6027335674477652	2	14
148	88	0.04402650301842903	32	16
124	213	0.773939977292437	81	86
139	187	0.33425021352083406	25	37
167	137	0.6854327495262217	65	96
133	132	0.6982927892868558	71	65
35	171	0.30800567835151216	85	11
134	3	0.6713999834679651	22	76
66	45	0.6113997538327219	65	49
103	62	0.15867244782925016	39	93
55	1	0.08588254228646874	18	50
29	122	0.23045605133923897	61	16
136	29	0.7662834795519107	91	61
80	128	0.5513191059250392	69	94
137	75	0.5472560362469181	96	66
61	189	0.7560332861338501	25	45
11	194	0.4691734272318331	57	88
153	24	0.5387341542387479	9	96
111	44	0.12794756451112055	3	93
3	195	0.34364211429553626	76	21
176	7	0.8591589359499583	3	39
131	15	0.9134962458773525	29	47
210	95	0.6109720387431747	100	14
175	124	0.0775263494466889	76	81
176	78	0.43910835249738445	3	67
123	192	0.4989333499907096	98	41
97	86	0.6850993429537348	90	88
214	202	0.2560010993164039	6	56
169	119	0.9272157551434069	33	69
172	40	0.6703101885428265	59	79
61	95	0.022808659520667574	25	14
8	175	0.559591926437746	41	76
179	79	0.6314742962726111	71	32
83	52	0.9356879465894324	71	6
60	2	0.779620324490749	74	54
18	190	0.13947927449282183	15	29
208	87	0.4551489297073881	79	17
120	168	0.5697344912552439	96	38
122	204	0.31851721953445766	16	84
161	121	0.11734214751439742	71	31
107	63	0.028102146283498608	60	35
93	179	0.7926774314254083	31	71
118	114	0.062492291857659366	93	47
119	53	0.4558870559881454	69	42
44	15	0.09028588737452403	93	47
210	178	0.789549034261767	100	86
97	120	0.1888404638544523	90	96
64	205	0.9432938108730613	15	76
63	206	0.5044008291981851	35	58
89	22	0.6278254315970175	35	73
156	58	0.000527392823585382	23	25
29	180	0.7227842507152091	61	17
118	94	0.3457342464637976	93	20
190	84	0.29565555302824464	29	52
120	123	0.32742401097199936	96	98
166	185	0.6416074853572713	89	78
137	33	0.6315642406156369	96	1
3	72	0.1238719092113374	76	26
175	104	0.8172660422311557	76	40
149	208	0.27999320872239564	3	79
128	78	0.7090397812973405	94	67
36	139	0.9358737314845672	96	25
18	64	0.27705021704584853	15	15
210	85	0.49891303002642395	100	63
53	19	0.25977449308467304	42	8
86	131	0.6497548553364954	88	29
150	176	0.34682170163458026	53	3
134	169	0.17932535116757686	22	33
208	212	0.8148513998667872	79	30
166	113	0.9650838238325627	89	58
73	120	0.2925479092848151	16	96
16	60	0.28565237691177536	17	74
205	209	0.8163717341357771	76	90
57	145	0.16824513651780726	54	18
43	150	0.812928489557026	74	53
190	117	0.07972476056570998	29	37
19	96	0.47622164721323534	8	2
38	196	0.010127763741031415	27	19
109	64	0.31665832405376815	16	15
75	116	0.8165863020146371	66	63
12	68	0.5640168479286866	1	80
153	15	0.03554217224783118	9	47
110	124	0.5301847899768224	55	81
85	86	0.4417226934562184	63	88
82	161	0.15114468903397082	14	71
41	177	0.460073717431876	75	11
9	101	0.0916449206544776	15	11
54	19	0.5414586925298535	78	8
198	96	0.7549706757306205	81	2
11	38	0.04794943807759544	57	27
166	117	0.2661670071392521	89	37
197	96	0.31944753026462924	98	2
42	34	0.14635442134470655	32	49
49	124	0.24701462287503073	20	81
21	202	0.12362235568196267	12	56
176	161	0.8516901476734751	3	71
134	154	0.47251705713444514	22	85
55	58	0.11266901735218326	18	25
98	30	0.936572453084021	64	55
118	183	0.0022643681266616422	93	69
178	164	0.14329793015848036	86	13
174	140	0.45566886346133395	40	54
136	157	0.6615331206291125	91	15
108	158	0.31395476324685767	95	39
61	185	0.04295738621456757	25	78
191	61	0.09458233320350207	2	25
31	128	0.962417662581789	17	94
64	17	0.2708629978946191	15	69
175	195	0.3304393224234853	76	21
18	157	0.23283848484680936	15	15
100	99	0.5926966595344669	14	1
160	210	0.10889808762343567	16	100
51	41	0.20109147867760369	23	75
130	178	0.9805636022507137	84	86
111	52	0.32655580483356716	3	6
197	47	0.38846298581678296	98	38
202	156	0.9648748631518306	56	23
207	10	0.934680368638943	34	66
148	53	0.8498007007717044	32	42
167	171	0.3091002659134644	65	11
20	120	0.06359908399466019	45	96
89	15	0.8327607918601607	35	47
188	32	0.32015120886333726	70	20
35	179	0.3001820076339903	85	71
16	113	0.7572613838616746	17	58
50	3	0.2272478607915961	28	76
172	5	0.47171393070628476	59	99
96	11	0.24420064133160502	2	57
163	153	0.9978410145290045	96	9
80	44	0.029989118334861953	69	93
15	61	0.11541375914296426	47	25
136	64	0.0826255509603987	91	15
92	44	0.41206199345711425	28	93
182	43	0.8147495154766075	11	74
73	190	0.8504068237118838	16	29
124	96	0.272103518760333	81	2
28	119	0.8290158169492893	27	69
181	154	0.8537705680659542	88	85
27	171	0.8838638597923782	82	11
61	27	0.15869486064128124	25	82
72	108	0.5718825666359638	26	95
26	200	0.305111500190673	8	13
93	114	0.7796403973781608	31	47
39	176	0.922903586028316	67	3
156	88	0.9519415374234117	23	16
20	72	0.6591428919463121	45	26
179	75	0.9944312586626508	71	66
28	122	0.3894077615515241	27	16
24	83	0.50836871427518	96	71
153	74	0.9325230452235891	9	6
80	14	0.7287735272819135	69	29
5	131	0.45691465663722286	99	29
177	196	0.6058753920507275	11	19
53	51	0.8911824413734853	42	23
182	47	0.6855774864539022	11	38
66	141	0.7775293836967577	65	45
209	115	0.3704724130748742	90	73
185	210	0.5273888817078163	78	100
36	30	0.988333495382382	96	55
63	144	0.7986482185498193	35	70
85	28	0.9681617935345539	63	27
83	70	0.3313479811136112	71	79
162	118	0.4920217803124002	9	93
138	42	0.40298341103273716	67	32
163	173	0.9210706470148596	96	44
149	165	0.01603274135326538	3	6
121	138	0.31026401105038026	31	67
111	36	0.24542026783892545	3	96
142	147	0.8001315687454933	84	71
215	28	0.24511479369633982	93	27
205	57	0.7991528674958152	76	54
153	123	0.4877530743819475	9	98
2	186	0.9425062041775404	54	92
54	201	0.8791068688059348	78	73
109	87	0.9594342360321383	16	17
142	30	0.16793359153309828	84	55
151	162	0.6719782903423543	67	9
155	3	0.7305460884452549	20	76
39	105	0.20932185417089877	67	40
42	179	0.15784529823574178	32	71
95	83	0.37492866230132793	14	71
201	213	0.034064151008128984	73	86
171	147	0.21447662693898895	11	71
66	38	0.9701348557018272	65	27
163	117	0.49318931427598933	96	37
72	177	0.41659222180667566	26	11
80	199	0.6599980341081912	69	97
158	32	0.24290884481781116	39	20
83	197	0.7753822476313802	71	98
72	15	0.4306366105511449	26	47
70	161	0.8454950720533987	79	71
196	19	0.7750592287729638	19	8
13	97	0.008576993622940177	60	90
157	63	0.5815833547804888	15	35
79	90	0.45534256147434937	32	63
202	88	0.3916471080520958	56	16
110	142	0.49374190538826757	55	84
157	159	0.0463613984033896	15	69
73	29	0.19805985750183108	16	61
50	189	0.18890603057931543	28	45
99	85	0.43566634328734966	1	63
200	21	0.3491083672535764	13	12
174	78	0.8808251151691565	40	67
209	192	0.2364743052676581	90	41
110	164	0.8661291721929584	55	13
50	133	0.7923579207385945	28	71
144	82	0.12258185774736963	70	14
196	31	0.027721158357447817	19	17
85	216	0.6427508566987749	63	3
104	5	0.6242656804085025	40	99
6	138	0.18178689941272075	14	67
133	100	0.19954970018278628	71	14
21	211	0.7611563367897145	12	3
132	104	0.8431806950244105	65	40
192	28	0.7571124391881995	41	27
163	204	0.8119209309535595	96	84
25	123	0.3421657488073171	42	98
34	195	0.8283139751580881	49	21
104	213	0.8425119224854705	40	86
74	119	0.887188399216789	6	69
124	195	0.36518439416800563	81	21
68	26	0.917068955987227	80	8
171	114	0.6679120461972403	11	47
39	48	0.8377992430492538	67	2
46	198	0.6656148695224028	38	81
23	208	0.006805528642006564	94	79
210	157	0.7021609190585809	100	15
48	68	0.3970813251902332	2	80
216	185	0.9869420745800345	3	78
214	86	0.5010436145409597	6	88
185	87	0.2560953777044769	78	17
81	139	0.8063830785419147	14	25
158	181	0.07151839302478713	39	88
79	126	0.2964323552789	32	91
113	8	0.29298689056100047	58	41
78	93	0.40193199099073085	67	31
124	108	0.6695082206721606	81	95
97	146	0.8779709783536306	90	31
115	183	0.1067287533978093	73	69
41	77	0.3907843834672723	75	72
179	162	0.8490685452539407	71	9
111	214	0.43354711620186304	3	6
61	31	0.4507706266047088	25	17
105	74	0.05385173033476165	40	6
211	100	0.3424705417346744	3	14
35	191	0.8159422521676576	85	2
100	212	0.02580890768901456	14	30
128	107	0.572371535451312	94	60
184	66	0.13197843663659037	14	65
49	73	0.7172653712536523	20	16
213	68	0.35176706988366335	86	80
24	145	0.3037917578202969	96	18
46	17	0.5789472866474255	38	69
78	176	0.26244697313310883	67	3
171	127	0.032323924768812184	11	26
46	12	0.3991664190141414	38	1
206	187	0.56263080850356	58	37
202	33	0.9301114763566223	56	1
187	178	0.6058624595066797	37	86
51	190	0.1726424523443283	23	29
85	20	0.7635269358657722	63	45
200	122	0.6221980162638311	13	16
156	161	0.8398199643576548	23	71
43	89	0.4690462904486883	74	35
153	70	0.18478789929308337	9	79
82	2	0.42310852208411454	14	54
55	7	0.336405730768332	18	39
16	158	0.27127191676109674	17	39
52	150	0.47338704719347036	6	53
171	201	0.5216082928091218	11	73
191	4	0.6219896148407107	2	48
5	3	0.3498206077487631	99	76
82	27	0.3359289985592	14	82
155	114	0.9030366553938128	20	47
199	51	0.4454785941177313	97	23
212	152	0.40466196014647293	30	7
63	137	0.620621411028326	35	96
109	6	0.20509798076062724	16	14
104	76	0.6308858102423562	40	81
157	67	0.8716353268955457	15	65
69	117	0.3219719740879562	97	37
61	180	0.5159100594760022	25	17
34	88	0.4439905748637142	49	16
201	133	0.04187708487307917	73	71
49	96	0.9698057089150912	20	2
23	135	0.8490769732789043	94	97
35	19	0.016940282571170417	85	8
202	176	0.4196062684682753	56	3
70	195	0.9657500063656701	79	21
169	74	0.37946356114957114	33	6
3	162	0.7948106495899957	76	9
113	27	0.9816058761798412	58	82
153	54	0.038050905795208645	9	78
22	147	0.04368485806627864	73	71
153	188	0.916341877090926	9	70
183	32	0.42242820306558815	69	20
51	208	0.9280825291829953	23	79
106	113	0.21638663223421095	29	58
58	110	0.48039779606214894	25	55
89	51	0.35495824434943235	35	23
21	106	0.9707696527690929	12	29
198	63	0.3549529622424482	81	35
151	46	0.7495097721630677	67	38
185	39	0.08304896087811586	78	67
31	104	0.9860169207228335	17	40
60	102	0.6855811674558413	74	69
97	20	0.04674944036867856	90	45
197	211	0.8036148257395814	98	3
95	17	0.34652808339992536	14	69
41	186	0.06344288927703667	75	92
69	86	0.12118935673172448	97	88
14	172	0.2705399672237926	29	59
209	193	0.8925340364731001	90	38
161	79	0.5439011503637463	71	32
81	32	0.673081215119373	14	20
12	61	0.836043557885741	1	25
135	127	0.5380419036684314	97	26
19	106	0.867993895787079	8	29
75	124	0.5076335782383609	66	81
94	53	0.5682214770776398	20	42
66	185	0.5776905698827174	65	78
207	216	0.005876322246133769	34	3
207	51	0.6116066993385576	34	23
164	76	0.5289993800132184	13	81
15	129	0.5753573656943587	47	75
79	174	0.9487323247145774	32	40
128	113	0.43685851478974136	94	58
55	39	0.06733742240953111	18	67
21	170	0.35365573335208655	12	85
43	13	0.6475842940922715	74	60
196	43	0.5252676199243234	19	74
184	149	0.45488595789304587	14	3
23	122	0.07579687029708027	94	16
100	142	0.08944416424367607	14	84
143	16	0.8936193124772327	46	17
34	54	0.018576756444493747	49	78
40	127	0.7966088878028662	79	26
164	176	0.16935483802847517	13	3
98	122	0.4230506693693977	64	16
79	97	0.6975710037890595	32	90
195	122	0.0002123887782456979	21	16
60	84	0.02140073479573279	74	52
45	172	0.7576458834462971	49	59
15	101	0.1884697685521387	47	11
124	105	0.1568372012422734	81	40
15	95	0.6786119784050837	47	14
137	144	0.8628531860665156	96	70
181	119	0.323150957578593	88	69
31	202	0.46403898095670404	17	56
106	87	0.7576566993209378	29	17
38	30	0.5198573900611843	27	55
206	84	0.48685974843534985	58	52
208	140	0.9518530363694536	79	54
136	34	0.7796320989421028	91	49
179	67	0.7936071346644076	71	65
70	51	0.04491016035124684	79	23
214	82	0.4262903000437761	6	14
29	6	0.01789930369070336	61	14
180	199	0.23754691897237978	17	97
160	155	0.42504555909776853	16	20
167	77	0.3672464076479879	65	72
157	132	0.971513065221188	15	65
210	143	0.149610395613203	100	46
34	99	0.5767648315030304	49	1
11	31	0.11697494309315348	57	17
199	119	0.11017462294214608	97	69
215	78	0.35057522295820853	93	67
16	188	0.8982060266207371	17	70
114	171	0.2452633915665704	47	11
64	13	0.41461352353607905	15	60
96	166	0.6759036704291336	2	89
21	7	0.3740979446767252	12	39
140	82	0.8150411315268897	54	14
64	23	0.6723662569041602	15	94
49	144	0.7198123397794097	20	70
34	66	0.02877854218112852	49	65
133	99	0.8551150314763784	71	1
134	46	0.7386946181720121	22	38
181	207	0.6677337384495173	88	34
34	163	0.42704259058706606	49	96
100	192	0.9707878165344318	14	41
93	191	0.8785034874707612	31	2
2	80	0.9296667200703406	54	69
19	93	0.7657123703666159	8	31
143	170	0.7046398015576252	46	85
147	62	0.7111975395018636	71	93
204	55	0.8929864436639862	84	18
197	181	0.37452224313482496	98	88
130	6	0.4170943684278644	84	14
190	212	0.2681628130179956	29	30
184	40	0.38429780669814706	14	79
180	175	0.7880377702092976	17	76
151	51	0.053136121934354796	67	23
166	199	0.33843222921812577	89	97
118	91	0.01425359035028384	93	43
205	166	0.43188397848380566	76	89
157	132	0.08747774270584074	15	65
55	214	0.17426509100648457	18	6
109	126	0.8384964481620549	16	91
146	177	0.45676829746205194	31	11
45	55	0.7107268075825695	49	18
89	86	0.8018811173124242	35	88
87	43	0.4243887186042693	17	74
14	129	0.27538253444646443	29	75
191	146	0.7913521801587401	2	31
84	117	0.4119425492396308	52	37
81	64	0.48884379107305787	14	15
59	139	0.3315340825151447	26	25
67	63	0.7640253614907937	65	35
181	106	0.10185510411178589	88	29
3	193	0.11557450287557836	76	38
172	197	0.9296355264600753	59	98
40	81	0.849686005402938	79	14
168	199	0.1837913267842165	38	97
178	183	0.7606954514373254	86	69
120	106	0.07383541180746311	96	29
147	156	0.6248659063978101	71	23
162	127	0.18317162843236867	9	26
215	193	0.2509346922541871	93	38
159	97	0.7097569236102779	69	90
44	30	0.9841838052447915	93	55
140	90	0.643326478387827	54	63
70	156	0.9207660455373986	79	23
60	30	0.10817950850959757	74	55
88	28	0.2568467466333745	16	27
104	158	0.6269346881675245	40	39
30	89	0.029436572145490447	55	35
77	147	0.6067977315040267	72	71
30	94	0.2329590919015888	55	20
39	124	0.39022093468153707	67	81
