sp1	sp2	symp	area1	area2
1	130	0.12038058380693728	84	24
168	9	0.5805506895974752	78	77
93	117	0.1474825527738599	65	13
178	96	0.6122089914112263	15	67
128	174	0.6481316124892628	92	31
25	168	0.26913825473130326	96	78
140	37	0.5440802582224159	49	54
49	193	0.8902211175887907	79	75
138	129	0.7529072056754185	66	10
142	188	0.427787657133643	5	40
113	106	0.5189782166748997	67	61
45	112	0.7886157008739387	34	3
176	133	0.9932458975210783	90	63
35	114	0.7794911584056432	65	64
126	1	0.7993527696747612	10	84
75	159	0.38529339358869963	99	1
18	186	0.9827260745897349	31	47
72	67	0.7639987830378117	59	5
10	78	0.5326490275722549	56	96
62	61	0.37106491373582196	58	65
103	108	0.38338117167706	66	7
5	76	0.2202088317546148	74	63
67	10	0.5026346344966998	5	56
98	165	0.7518415252499641	20	16
130	69	0.7960654477654173	24	12
110	115	0.61303636208207	33	24
102	151	0.09113357594846494	37	19
20	200	0.21730444456392972	70	42
56	166	0.9782598012791187	95	83
201	69	0.60555691998011	61	12
80	46	0.04067528985379032	23	70
117	25	0.9927699948439086	13	96
62	215	0.8904479490505656	58	5
64	70	0.8282197972497128	12	83
111	64	0.15605018200535825	14	12
92	128	0.9346989609596733	68	92
209	35	0.7781252471285861	20	65
186	11	0.47949175761978247	47	25
36	53	0.3093085578956476	78	30
211	215	0.01703326708314523	93	5
3	151	0.537167089223093	50	19
142	65	0.8495597184858299	5	24
83	163	0.7677218045304509	48	58
187	67	0.730070285453576	4	5
78	170	0.2953158773020568	96	99
195	35	0.4298066970000822	68	65
126	123	0.5589392556663892	10	3
41	124	0.1468460088611303	64	61
104	85	0.6544895742497818	2	7
10	175	0.11373739511521386	56	96
18	13	0.2607997527735315	31	21
43	67	0.3258354984355357	27	5
44	1	0.09482651553796295	79	84
58	15	0.2198544492664415	41	73
189	116	0.8729864274981787	34	70
205	156	0.3208330353661052	84	78
3	203	0.17062345032586557	50	38
43	202	0.41781937707556127	27	39
187	12	0.6094868123501227	4	58
78	171	0.23758171596908906	96	1
116	82	0.1896070189623048	70	38
119	169	0.1526330414414644	52	65
62	103	0.9847477447526111	58	66
73	159	0.05314031140396691	48	1
153	105	0.4054447874497419	98	48
86	105	0.2841456722688731	46	48
61	20	0.7076510389365545	65	70
127	37	0.4256677842868586	37	54
200	92	0.16381235225418755	42	68
40	203	0.020976005197547165	73	38
44	48	0.2347844013395739	79	73
22	72	0.8934497003115083	6	59
174	33	0.2117433920887445	31	90
196	116	0.431766985728664	30	70
105	77	0.23429503210323044	48	71
12	3	0.5543353901777341	58	50
204	116	0.31651252762861504	29	70
209	7	0.44282108181621005	20	5
129	190	0.46408877126127035	10	11
161	91	0.9627238160520506	52	78
152	193	0.7170891888227567	61	75
123	10	0.317897097589249	3	56
131	208	0.30976350521014595	16	13
135	140	0.3673383261300808	21	49
190	90	0.9295644414718728	11	1
139	15	0.7926375360632679	60	73
28	128	0.16695924256337424	59	92
201	101	0.7280136743554644	61	25
56	70	0.16930395506796103	95	83
33	77	0.5843383341292963	90	71
85	57	0.20472104981536698	7	10
49	10	0.27411128901559434	79	56
106	170	0.5564478938451238	61	99
71	103	0.6929196848168526	79	66
106	109	0.040217944948717776	61	24
192	216	0.8351184839483975	96	66
209	61	0.6774036301864966	20	65
161	163	0.21054436260306875	52	58
194	163	0.07447626462475554	40	58
21	132	0.8655277153460801	7	60
204	80	0.5248291666528165	29	23
191	75	0.5300560050972221	6	99
42	53	0.6673185101993152	27	30
3	16	0.6335444069558404	50	30
168	153	0.22684967081867902	78	98
16	154	0.7527546020378951	30	6
58	90	0.9632683310932234	41	1
83	37	0.5943104526987594	48	54
94	195	0.8541619617261972	35	68
140	193	0.2368330437619326	49	75
145	103	0.7252980650582264	90	66
81	88	0.6149475278785868	100	67
101	142	0.315010066081056	25	5
126	178	0.3254847525764383	10	15
97	110	0.4953060635193003	11	33
63	2	0.8704990775830266	29	95
10	189	0.9077813995104167	56	34
106	20	0.9674019819366787	61	70
144	161	0.2546956694478193	77	52
51	22	0.8657512866531223	58	6
178	208	0.405693276439817	15	13
157	97	0.9749276950104615	9	11
1	61	0.12635167907754674	84	65
62	55	0.5368357576233348	58	67
216	67	0.027699162205586658	66	5
172	111	0.4529415788253689	80	14
28	1	0.940412543018257	59	84
215	46	0.025351351524279475	5	70
50	37	0.6622274319849547	12	54
64	115	0.34314032185798404	12	24
9	23	0.36673224680158933	77	94
201	103	0.4042028558332993	61	66
66	145	0.8452512113970005	81	90
93	158	0.7839039929120711	65	69
128	194	0.9756247125025843	92	40
205	87	0.1076882124210532	84	60
28	176	0.1422787812018812	59	90
23	83	0.5984059419786787	94	48
61	71	0.018731256342993996	65	79
140	139	0.9411629435450367	49	60
44	178	0.05898297705995492	79	15
155	75	0.2935587721233712	74	99
27	68	0.30045708219234357	82	21
32	47	0.2863713367816487	60	57
53	186	0.5530600959021025	30	47
84	108	0.934129686908692	29	7
130	15	0.993742718421104	24	73
203	11	0.43902042480284453	38	25
55	94	0.6138912089179863	67	35
214	60	0.30497782948542274	4	55
180	105	0.5312724785494796	93	48
173	160	0.11879335372059607	30	97
169	195	0.6718431527351477	65	68
26	80	0.40248847301011836	73	23
91	4	0.3807194745864133	78	52
202	157	0.4348489538797127	39	9
62	65	0.8648152180744361	58	24
36	63	0.5010486756500397	78	29
131	163	0.18497877340363789	16	58
14	123	0.943532817023418	73	3
114	187	0.8752329927948064	64	4
161	146	0.5910421496777575	52	9
155	60	0.9085612202716143	74	55
146	142	0.23152304113524136	9	5
57	12	0.7341944865264979	10	58
135	87	0.16527803561801235	21	60
48	51	0.37005986334531615	73	58
116	75	0.45938926149906256	70	99
155	34	0.10748126010139258	74	5
11	115	0.10801993836106238	25	24
65	32	0.08503977112435368	24	60
62	161	0.3365724390290248	58	52
214	28	0.14492895702173125	4	59
81	128	0.032325687218405785	100	92
96	31	0.20353688892241462	67	63
133	46	0.9374556562836288	63	70
27	126	0.6634981700950744	82	10
208	185	0.6401189040248189	13	23
71	155	0.9347348828455356	79	74
171	133	0.9991127321881568	1	63
124	89	0.26512764208988004	61	6
124	99	0.8771708572699016	61	77
87	115	0.8097979963326253	60	24
135	156	0.05953909913782818	21	78
170	203	0.9843959232916711	99	38
1	44	0.5945492556417812	84	79
163	111	0.5721955179292473	58	14
53	71	0.9492083783068793	30	79
73	205	0.7157912951469242	48	84
153	28	0.5068281858257121	98	59
58	40	0.5793079513043189	41	73
163	152	0.8907228398619287	58	61
88	116	0.5514058503291491	67	70
9	152	0.6755008992232607	77	61
98	186	0.8492314794403993	20	47
18	144	0.7754498875435091	31	77
93	183	0.10217401217188282	65	86
70	123	0.20374363395660822	83	3
1	59	0.4764522545109544	84	63
42	99	0.575333588646894	27	77
169	1	0.2109174977838989	65	84
39	12	0.6958805454611675	44	58
149	21	0.9170756340156112	68	7
26	13	0.25193912270122554	73	21
1	164	0.016146303939179263	84	12
191	211	0.8303248621397706	6	93
58	8	0.7047721323477434	41	15
167	29	0.9572329069899994	84	75
199	85	0.34684846403010017	26	7
92	17	0.012245106976955467	68	18
15	124	0.8999078760268602	73	61
177	62	0.5617874918877415	59	58
110	189	0.41538850356097523	33	34
54	95	0.7793373887620261	58	55
85	19	0.031116022782366137	7	57
203	149	0.2612686041258595	38	68
1	154	0.8313054923263375	84	6
154	107	0.4700223162065885	6	2
131	7	0.009867370639826345	16	5
89	92	0.6987175052637292	6	68
39	206	0.6181418646608837	44	97
113	14	0.5202230810904555	67	73
204	152	0.2685559138427226	29	61
87	89	0.1978534119872828	60	6
166	163	0.33239462212311377	83	58
159	27	0.53113393112392	1	82
145	83	0.6576936387854335	90	48
213	38	0.15726635633628971	1	100
76	178	0.5765110757664389	63	15
195	107	0.9787636211321697	68	2
28	10	0.49935202529496514	59	56
141	71	0.1292481449887134	53	79
68	39	0.056871114496287345	21	44
74	129	0.7972912235757599	93	10
104	108	0.42869083525487917	2	7
76	114	0.8067617902812091	63	64
189	40	0.039422160691990116	34	73
68	64	0.15338933375782915	21	12
193	121	0.9296905684367439	75	28
145	180	0.9014048604147357	90	93
185	176	0.3554757202131471	23	90
165	38	0.06962486266934576	16	100
23	168	0.6053194629064063	94	78
153	118	0.2585716921543527	98	41
109	196	0.22977993566020039	24	30
10	186	0.6408989821598856	56	47
192	147	0.2095356020060677	96	66
152	76	0.18577335540077633	61	63
194	149	0.48240984021426514	40	68
10	1	0.12755972601130805	56	84
205	158	0.7880165364684549	84	69
182	78	0.4776859917093573	32	96
107	197	0.20393466312841424	2	3
182	156	0.025858131728017764	32	78
52	71	0.18508345491121525	24	79
119	53	0.20189204691435492	52	30
204	131	0.7086745604667777	29	16
123	38	0.9810879896724415	3	100
132	182	0.37445566911392125	60	32
76	179	0.4009326363994552	63	47
68	178	0.8820300166632496	21	15
18	181	0.34383311955969653	31	49
189	134	0.08700099571620368	34	85
92	12	0.2043285911071443	68	58
20	81	0.5082143326694821	70	100
132	86	0.5284908556024438	60	46
74	80	0.61582529523899	93	23
195	24	0.8520064788658019	68	25
130	19	0.3845056963262987	24	57
18	48	0.42941150746814505	31	73
43	39	0.6748141261198949	27	44
99	58	0.5480434134005435	77	41
4	27	0.7216592484369361	52	82
46	70	0.2521873135214796	70	83
149	4	0.9565049669387099	68	52
121	168	0.08033917746939134	28	78
150	111	0.9006098971957004	44	14
114	5	0.47536078610650123	64	74
167	75	0.1218298943648084	84	99
89	36	0.976783252699129	6	78
103	146	0.03278821291351108	66	9
157	23	0.23970511236880643	9	94
79	8	0.9286733423303796	73	15
189	213	0.3842493528803298	34	1
100	62	0.7332517264320492	46	58
25	68	0.17151701743646997	96	21
17	48	0.5061103640495159	18	73
129	32	0.9895538274598596	10	60
184	129	0.13348904823752572	52	10
166	48	0.9814465318153429	83	73
33	144	0.27637365412047665	90	77
26	199	0.8883560948010814	73	26
25	10	0.2230575302226201	96	56
117	132	0.5022275951932633	13	60
35	120	0.18090487268220223	65	25
61	50	0.5216215533035712	65	12
114	32	0.40335154418389463	64	60
60	59	0.9550209376446605	55	63
140	189	0.24947313233380408	49	34
76	171	0.1606777523414641	63	1
47	143	0.5436798530156273	57	93
76	168	0.6315505454659367	63	78
46	18	0.5015168652461056	70	31
75	181	0.865978027479032	99	49
97	6	0.010360008522567687	11	25
102	72	0.9296279576731744	37	59
133	62	0.17788243097326628	63	58
159	71	0.7524099610048367	1	79
142	201	0.29263061296815873	5	61
92	91	0.05520973915684835	68	78
202	174	0.3918355031458416	39	31
35	165	0.3669895484123985	65	16
100	187	0.946743807864497	46	4
212	146	0.004674386444483591	62	9
110	139	0.8637337218921328	33	60
31	191	0.6071516149022224	63	6
57	51	0.6704949662739326	10	58
160	159	0.2341598672508891	97	1
90	123	0.4038463368395784	1	3
155	68	0.9705227234557308	74	21
134	161	0.4676934832534235	85	52
45	6	0.8847918313260383	34	25
21	152	0.5378480074110334	7	61
176	9	0.18573414720339376	90	77
209	131	0.6673097751051308	20	16
119	86	0.5201152830555815	52	46
205	132	0.2541239803422085	84	60
136	19	0.7934373641776963	9	57
25	147	0.9842485127052787	96	66
141	117	0.7835971811817595	53	13
170	197	0.9428402353795304	99	3
70	156	0.9127197481865901	83	78
117	19	0.9101969947810284	13	57
40	114	0.45666330096843977	73	64
186	48	0.9906005479433057	47	73
163	61	0.9876842408854946	58	65
171	24	0.2113216778734075	1	25
54	170	0.6155127673562231	58	99
88	210	0.5299659506947647	67	94
110	105	0.12162844731905098	33	48
163	122	0.007825306312051361	58	98
83	97	0.2341517270924789	48	11
167	97	0.11870862135324312	84	11
183	26	0.3090554469149722	86	73
15	13	0.8849177700394604	73	21
183	184	0.8537866640094691	86	52
40	82	0.6981432942251815	73	38
23	27	0.4007900099952725	94	82
123	37	0.23066764125900052	3	54
140	28	0.8379000214912	49	59
124	60	0.019130995450681643	61	55
125	134	0.14064517502052776	31	85
14	132	0.6293929426055104	73	60
4	92	0.1611795252574767	52	68
42	71	0.9682501018179984	27	79
60	63	0.11000790365996516	55	29
66	114	0.8114407666164191	81	64
64	66	0.5109683918075375	12	81
202	138	0.620004960938751	39	66
62	120	0.7471129576748534	58	25
99	109	0.6361582284969365	77	24
31	91	0.18312871956793964	63	78
85	3	0.15430767181693006	7	50
170	190	0.9469578207530691	99	11
208	205	0.0046458262196675815	13	84
186	204	0.49062573572841806	47	29
104	209	0.6586408197522956	2	20
188	31	0.8144284106312658	40	63
171	67	0.38892785335071545	1	5
125	158	0.23013877528085702	31	69
131	38	0.7279517901394907	16	100
81	98	0.47198825667322764	100	20
57	47	0.35805942456704853	10	57
91	212	0.7896076515946602	78	62
208	124	0.9405614742781874	13	61
104	78	0.34197882067641594	2	96
1	6	0.317164729682868	84	25
203	35	0.1287288865961258	38	65
92	116	0.14256119334679895	68	70
9	169	0.3271670830889305	77	65
123	128	0.817564263379137	3	92
195	201	0.6091491904313358	68	61
79	146	0.5333515860284925	73	9
158	20	0.20213185593182603	69	70
73	98	0.7856667190621122	48	20
123	31	0.001940863550583538	3	63
152	88	0.8646537957076562	61	67
96	173	0.10643156272902199	67	30
112	65	0.7168831958684149	3	24
103	129	0.298768739778676	66	10
100	61	0.7052649712528148	46	65
154	155	0.5514981747895776	6	74
184	17	0.9573459877544465	52	18
206	62	0.45210566641445105	97	58
207	199	0.4454703017746998	61	26
147	99	0.06477673805938078	66	77
91	125	0.07657009281085014	78	31
168	166	0.13263353214754792	78	83
22	150	0.3838638831951886	6	44
138	151	0.9206954857185891	66	19
182	16	0.9146894976858875	32	30
140	52	0.972493705001184	49	24
142	159	0.947902910546722	5	1
90	6	0.8396505168211067	1	25
104	25	0.3141899766278373	2	96
166	208	0.71487573339848	83	13
212	58	0.7382164122557894	62	41
5	196	0.7895399713723665	74	30
60	84	0.2594641672204343	55	29
92	133	0.7143399644926346	68	63
201	170	0.40860161183884813	61	99
121	135	0.4947597495923848	28	21
122	18	0.4357454324903458	98	31
32	11	0.49758906463669217	60	25
159	72	0.5153451531542343	1	59
177	53	0.6423218748090234	59	30
202	179	0.4830824481162763	39	47
11	163	0.3792040646373507	25	58
21	185	0.6735844397124401	7	23
40	10	0.5940532635919537	73	56
124	212	0.27270501290859805	61	62
10	182	0.9526302289712594	56	32
133	55	0.143582034507043	63	67
123	95	0.3503286838900772	3	55
34	23	0.0818814344279476	5	94
83	148	0.7993637831656295	48	79
45	209	0.9696808611648288	34	20
166	9	0.8299371831572787	83	77
119	177	0.4680892431411565	52	59
129	45	0.43801490029322	10	34
99	30	0.6557121456929014	77	52
85	75	0.34046462145588163	7	99
99	75	0.6943265570808831	77	99
122	110	0.7874717614320641	98	33
188	50	0.1874101798972152	40	12
161	53	0.03927036364403613	52	30
6	204	0.8837029874921276	25	29
29	9	0.5251845747651883	75	77
130	162	0.8194929751737554	24	70
181	33	0.9243264613779282	49	90
37	13	0.20287490396053798	54	21
117	43	0.07816546387912626	13	27
52	72	0.19429924178088442	24	59
26	48	0.49715805233117394	73	73
127	60	0.6624519429454924	37	55
153	63	0.8917524443842931	98	29
151	50	0.47847776811893594	19	12
29	41	0.3023891293536215	75	64
17	113	0.3405310051567446	18	67
89	209	0.4200854962719578	6	20
210	170	0.2246320072542599	94	99
33	214	0.39697074767622986	90	4
37	158	0.20316050866000246	54	69
186	151	0.4752440842790475	47	19
77	19	0.7948471250631883	71	57
92	158	0.8027865196451737	68	69
67	201	0.18639911281288224	5	61
147	7	0.013556240625710814	66	5
195	69	0.2275452798656269	68	12
77	131	0.21497799623962466	71	16
168	128	0.6377220542631751	78	92
162	121	0.07074081710933611	70	28
110	199	0.3546394976820756	33	26
63	95	0.6860114571033422	29	55
67	82	0.5485128707278741	5	38
204	176	0.28495254796481806	29	90
145	121	0.17463620453670936	90	28
195	198	0.564453631060048	68	79
45	208	0.8103804338229321	34	13
160	43	0.12644665635108865	97	27
201	94	0.14401511317563553	61	35
95	115	0.9003290879940009	55	24
130	132	0.8715395013691963	24	60
28	113	0.4600525635184535	59	67
184	166	0.7207597711713255	52	83
141	161	0.3234894338604336	53	52
69	214	0.8086849283742265	12	4
16	191	0.5762411179942514	30	6
77	3	0.4959586915791837	71	50
48	99	0.39105785173797014	73	77
10	111	0.14885558927646203	56	14
123	150	0.6766860891711297	3	44
43	38	0.010365674245114809	27	100
176	13	0.7090270529181208	90	21
23	49	0.32520898440239265	94	79
18	103	0.5512313450137236	31	66
211	104	0.7430067485969849	93	2
2	16	0.5526423700883921	95	30
105	70	0.8779752804530894	48	83
64	29	0.24810688654002155	12	75
64	4	0.9703940073619883	12	52
192	210	0.2701361464545633	96	94
107	28	0.07620557081886858	2	59
110	168	0.7105743501590439	33	78
206	17	0.8582528969260285	97	18
176	41	0.60213435237576	90	64
96	186	0.08414671575766419	67	47
55	31	0.5637551910374456	67	63
171	209	0.12816929495323182	1	20
182	87	0.9454661168867626	32	60
201	7	0.6450977710340583	61	5
22	67	0.5392564647487577	6	5
74	89	0.9467422352656206	93	6
177	20	0.6588512415383401	59	70
58	195	0.1592892138312948	41	68
80	107	0.5023994404617325	23	2
33	197	0.958724743058759	90	3
9	101	0.7995303424332743	77	25
162	204	0.11968862533629443	70	29
207	160	0.5588214289346021	61	97
202	167	0.7000611391253716	39	84
2	196	0.5821873514972529	95	30
97	183	0.8482862176558836	11	86
77	117	0.714095121012797	71	13
1	210	0.0031009959486073546	84	94
161	151	0.4518677365021696	52	19
75	84	0.3084767923904089	99	29
124	168	0.22343877549032565	61	78
180	181	0.4490041087935227	93	49
15	10	0.11127886346900762	73	56
147	6	0.12459172504185001	66	25
33	34	0.5330822752068247	90	5
178	203	0.15497587751803232	15	38
156	109	0.8637200568493762	78	24
199	69	0.6492161454006669	26	12
58	164	0.2889774482473033	41	12
53	173	0.13758552241318045	30	30
117	151	0.14112897173792027	13	19
215	190	0.03977571983890482	5	11
35	84	0.45322111037561086	65	29
89	173	0.37567591261327793	6	30
40	112	0.573600412272427	73	3
14	34	0.8836784056920186	73	5
109	37	0.8841351043715804	24	54
61	60	0.28801372416208004	65	55
14	37	0.32401518507984894	73	54
165	101	0.1733200917560611	16	25
12	197	0.575574471221924	58	3
166	23	0.9249217229894803	83	94
165	107	0.8520419192462569	16	2
18	68	0.4307026062678765	31	21
142	115	0.06467287862297866	5	24
8	12	0.20431865658118098	15	58
82	199	0.4080953182207674	38	26
152	142	0.672148561913661	61	5
175	182	0.00727230130097356	96	32
121	25	0.8838016609351056	28	96
104	63	0.7245801110332513	2	29
14	81	0.1616512013603404	73	100
143	109	0.743731368761568	93	24
44	132	0.5565402461033372	79	60
75	116	0.9188792876551296	99	70
105	83	0.051862672385807884	48	48
198	216	0.5537732905626245	79	66
203	25	0.5732655776238946	38	96
162	121	0.2796620472276865	70	28
106	24	0.506627328196878	61	25
100	54	0.059388493414651466	46	58
21	73	0.45682052330842704	7	48
120	171	0.5762755340745827	25	1
113	5	0.35356717415482164	67	74
74	198	0.4774861314647456	93	79
156	147	0.059901940745770044	78	66
115	159	0.47185437304819533	24	1
51	50	0.7667301348139188	58	12
203	175	0.469499748625	38	96
101	79	0.1913551616826319	25	73
109	4	0.1650620374881483	24	52
27	206	0.09677209272324871	82	97
132	28	0.6336544165048469	60	59
213	135	0.796419421884566	1	21
5	22	0.36291717521324096	74	6
89	62	0.7653896540124147	6	58
118	111	0.4154330093471047	41	14
75	72	0.31552656603154117	99	59
48	160	0.6167459990149768	73	97
171	108	0.6786176896964075	1	7
85	132	0.35051917728498017	7	60
75	166	0.13780888262366275	99	83
216	131	0.9231089861125069	66	16
11	156	0.8156445799790651	25	78
77	114	0.8649977810900225	71	64
27	73	0.3878614234365029	82	48
191	81	0.860403514350154	6	100
89	74	0.9870340886386866	6	93
139	188	0.049297616758111173	60	40
2	44	0.47217236090563974	95	79
57	5	0.36496066285606477	10	74
190	147	0.660202036487668	11	66
152	167	0.09807992445514968	61	84
131	63	0.6748347444285281	16	29
178	11	0.06256901333022324	15	25
79	133	0.40857470738440294	73	63
111	134	0.6032114079686338	14	85
43	157	0.10340546553022012	27	9
207	131	0.08778042064303593	61	16
72	71	0.4589652357625108	59	79
189	153	0.0547255013678517	34	98
101	79	0.5873209122240446	25	73
24	183	0.06052662275110987	25	86
190	20	0.6702811025328018	11	70
189	81	0.9041882983262248	34	100
