sp1	sp2	symp	area1	area2
206	75	0.49645680536527337	21	19
146	59	0.954360409302693	81	35
109	164	0.4929227800292688	23	52
124	39	0.7077093550274587	74	32
216	200	0.13190460169563856	46	83
61	199	0.47233971382859197	65	71
140	161	0.2692134796293404	53	100
87	182	0.9927075878899082	79	68
197	206	0.11806266754965433	91	21
116	139	0.6312126453260708	55	18
202	17	0.088173011274154	25	6
170	87	0.611204838125111	59	79
15	62	0.03695808333071282	24	46
40	197	0.3897964891004765	28	91
114	189	0.6530350481231609	19	68
8	9	0.1961320742758208	27	96
53	18	0.5617516852525395	35	85
154	56	0.19917832981608885	59	26
127	91	0.26990002219432674	4	15
155	81	0.34889408671713185	16	86
76	42	0.13613021760616162	42	32
144	123	0.9425495453880609	52	80
115	108	0.10580359619473578	93	22
145	118	0.3187276652883052	25	2
97	136	0.5945261449916449	47	9
88	187	0.5358606177901267	85	86
32	143	0.6876333577191477	42	100
117	61	0.3573886623456769	57	65
80	70	0.15559955460540476	53	84
190	31	0.10687773573535586	50	11
137	4	0.09844737373300638	62	62
92	100	0.4498183850497556	65	67
114	3	0.4419794643177287	19	19
69	32	0.9298963345583791	6	42
206	152	0.5763009409217021	21	67
205	52	0.9348357051447235	26	64
1	111	0.7798652226378784	51	52
34	81	0.8953964198969472	21	86
164	78	0.52776813380105	52	98
216	27	0.7035145707605726	46	75
117	204	0.4646210956320147	57	93
2	100	0.8376212006178305	83	67
57	157	0.5943255014035356	86	81
148	19	0.9131820105397133	7	98
20	56	0.5838850955069443	78	26
182	181	0.23422787602390926	68	64
114	17	0.3626369067109684	19	6
139	111	0.5955641238929841	18	52
130	73	0.07263392201951724	88	39
30	81	0.34171484962643583	21	86
33	206	0.5260526536081714	27	21
187	182	0.4952290109672971	86	68
207	61	0.4673113437229629	51	65
27	31	0.8438859552892984	75	11
83	139	0.3839153524132941	91	18
110	98	0.4698876267228993	59	29
121	209	0.6360655950486207	45	71
117	148	0.8351150081417151	57	7
193	74	0.0323189903843617	31	27
35	114	0.3697368157748644	38	19
96	42	0.6472615040505278	27	32
59	147	0.5080719499111375	35	21
27	138	0.3422170366802916	75	56
168	104	0.3743359130513917	90	18
182	161	0.9378623560315689	68	100
40	87	0.3958441854589868	28	79
77	102	0.1815412991759151	26	64
203	33	0.5066749070882954	18	27
180	132	0.31579746424857746	51	44
135	188	0.6288588020471753	72	98
63	151	0.3001130917328022	14	17
210	26	0.6973824467011591	36	55
62	17	0.9623462498873818	46	6
101	176	0.2155404651516869	98	73
50	166	0.014411027187566816	88	95
185	111	0.10372108200857988	84	52
198	96	0.9477853912693256	66	27
8	127	0.1267643539883685	27	4
58	91	0.8545626290331501	16	15
38	213	0.43867613466752664	73	42
120	66	0.09131791780938114	72	41
120	216	0.9853958032062998	72	46
89	138	0.6895083187797507	99	56
198	77	0.5255049197977504	66	26
76	203	0.8323234532071883	42	18
26	213	0.34714516315383226	55	42
209	109	0.35465548978897576	71	23
187	128	0.2435982728391255	86	51
37	33	0.10116993486710968	72	27
173	86	0.08455077200079775	42	87
177	90	0.9707883389837	47	49
43	215	0.010925995110596443	20	13
161	123	0.9327408162292431	100	80
114	63	0.30339965769359833	19	14
142	197	0.9657111400672211	60	91
141	84	0.4642523507382085	78	78
71	156	0.16740538227013546	25	4
191	52	0.4040998487308475	53	64
6	112	0.2891618473919052	97	46
142	27	0.6181276404576763	60	75
102	88	0.9608422748297549	64	85
38	8	0.8067160969197504	73	27
82	56	0.9414357589412387	80	26
126	151	0.9188727397802445	52	17
65	149	0.8714075141018829	13	14
118	115	0.532914958087286	2	93
155	28	0.050100295389359895	16	6
176	138	0.14045906116903317	73	56
111	8	0.745618753783235	52	27
126	76	0.7889566342162784	52	42
18	35	0.653673592078204	85	38
207	96	0.5943196521503689	51	27
27	128	0.9397920535599799	75	51
25	149	0.5643359050725194	83	14
2	126	0.22735933635955208	83	52
201	189	0.2612789964573047	92	68
6	54	0.07950271061003455	97	78
176	23	0.2522116950810446	73	64
4	194	0.9566091543622478	62	25
155	56	0.0748337986577825	16	26
172	143	0.2240588042463223	70	100
72	113	0.1425181626583747	21	40
34	206	0.6872502410642737	21	21
94	34	0.8138672837622715	69	21
108	173	0.06866875148808993	22	42
24	56	0.9413772711214189	43	26
166	20	0.6927244818560402	95	78
136	55	0.2654281462597151	9	86
1	20	0.02092818208068825	51	78
36	192	0.28801319124056945	87	24
97	26	0.1936796336589871	47	55
208	59	0.21652426509383238	18	35
21	31	0.952256384502645	7	11
39	150	0.3353112979273192	32	50
191	114	0.9620898952260802	53	19
107	187	0.9159438232990321	87	86
73	214	0.02502747386128301	39	64
104	37	0.5327627874277676	18	72
72	208	0.9717743960859723	21	18
106	61	0.778473535983175	36	65
21	9	0.2566457413176605	7	96
36	98	0.8092327190346461	87	29
39	94	0.08979968405825156	32	69
81	131	0.1641276683348768	86	91
91	117	0.5151818490769146	15	57
172	212	0.9657751540460443	70	74
208	189	0.8356151414651687	18	68
60	50	0.676555530914205	40	88
137	25	0.6726662631871149	62	83
208	175	0.265186458389125	18	52
172	34	0.7818864386924488	70	21
111	157	0.8606384522672182	52	81
193	73	0.06481570819773363	31	39
164	163	0.4699350155739198	52	76
117	121	0.7724222402488432	57	45
157	192	0.7955247626353008	81	24
147	37	0.03831080998054148	21	72
74	203	0.17865847609534602	27	18
23	77	0.9497157811956283	64	26
136	119	0.35339473402516897	9	84
90	64	0.8395491561786225	49	100
193	108	0.3991537165220741	31	22
191	5	0.43313305318435513	53	84
125	39	0.5201301590017161	40	32
35	4	0.7627098279137555	38	62
45	42	0.6772911446161185	18	32
77	87	0.2423744910373764	26	79
30	158	0.6694513701069809	21	70
43	18	0.44056770127151423	20	85
103	45	0.074401909797699	45	18
22	81	0.049693744596963074	15	86
206	131	0.2007435614887766	21	91
74	109	0.3291202379163226	27	23
155	52	0.2938100877102692	16	64
121	104	0.2627774617959251	45	18
100	23	0.872579631618287	67	64
209	141	0.7573267929041895	71	78
168	192	0.6248291110144448	90	24
44	13	0.050323239074084314	88	15
69	60	0.9424159440303392	6	40
152	205	0.5511373375983143	67	26
167	42	0.563994061341975	77	32
167	104	0.8523520029135954	77	18
72	121	0.17336306827390302	21	45
151	159	0.4004628998758515	17	90
55	202	0.8051741814227019	86	25
18	136	0.7377289908112867	85	9
44	102	0.3470336344293703	88	64
180	62	0.20727775361255607	51	46
145	58	0.780693708188629	25	16
107	52	0.8397693022679029	87	64
144	75	0.7987324766325608	52	19
91	177	0.5791908332575278	15	47
42	140	0.7661250266537931	32	53
32	79	0.21373673685609884	42	16
136	51	0.5634266050619019	9	77
123	45	0.03802783750780592	80	18
215	42	0.40782850382202973	13	32
35	115	0.4755944913850738	38	93
17	177	0.7707074976758451	6	47
130	133	0.09574144289128028	88	68
114	108	0.5923751598231294	19	22
191	55	0.7239988118287566	53	86
216	71	0.7486830432694976	46	25
211	6	0.8419841928758992	60	97
132	130	0.9714506356074987	44	88
100	168	0.6036209150695842	67	90
147	122	0.4543971503755908	21	90
129	106	0.37969577775121743	91	36
216	19	0.11870005728266086	46	98
139	150	0.6552372162178869	18	50
72	115	0.34978880925526323	21	93
166	178	0.5698298041597957	95	15
48	126	0.6703520975323727	79	52
206	51	0.5226555002639101	21	77
23	142	0.14385882771823233	64	60
13	20	0.4965010282750535	15	78
124	4	0.45002393801921914	74	62
19	49	0.061058774646698954	98	99
27	132	0.7632504410455954	75	44
154	209	0.19527936864174633	59	71
79	164	0.5019408143210711	16	52
49	6	0.45249350438608826	99	97
215	71	0.7162260800408672	13	25
62	32	0.2830994067556669	46	42
56	103	0.7236848487853181	26	45
65	131	0.45603885971051084	13	91
57	55	0.7240298605842889	86	86
195	18	0.08587507815335993	27	85
178	80	0.7252688090428644	15	53
95	79	0.16371857053057415	65	16
128	208	0.5947892483966462	51	18
196	185	0.5055628965759112	54	84
46	195	0.3552104942534068	15	27
57	39	0.3912484300353628	86	32
206	201	0.06264511289382724	21	92
34	6	0.34916331766981357	21	97
31	127	0.20527622213537156	11	4
80	34	0.9220967070666362	53	21
128	60	0.17068457716155816	51	40
10	132	0.21476231183460215	42	44
23	163	0.5907695360385704	64	76
141	35	0.1383553508587949	78	38
180	138	0.5879222534635326	51	56
130	90	0.09858815592720094	88	49
69	21	0.19883811346929037	6	7
208	215	0.8726408818161953	18	13
90	34	0.5060131463611584	49	21
130	19	0.2164021302167618	88	98
55	138	0.1602783272229099	86	56
22	155	0.9616762830570487	15	16
66	97	0.054571566332149435	41	47
102	168	0.6713522946507485	64	90
180	104	0.4780885574550592	51	18
16	184	0.026099406540191605	64	2
100	187	0.4456674189198264	67	86
152	171	0.24442576092115353	67	78
29	110	0.768573512801834	5	59
202	164	0.7835186913936544	25	52
152	213	0.6989722383026563	67	42
54	138	0.23362530386247604	78	56
95	77	0.5697333287636687	65	26
57	132	0.688361859728702	86	44
42	106	0.5102744884608647	32	36
129	28	0.03300520933959439	91	6
191	199	0.966545808419695	53	71
181	136	0.9231350282310641	64	9
69	12	0.3343872693960619	6	61
109	33	0.6799942998068939	23	27
122	216	0.5905330952346681	90	46
197	37	0.5763837438337573	91	72
109	69	0.8627957585202617	23	6
38	196	0.7316912120801007	73	54
78	172	0.5887397062804022	98	70
19	179	0.8800544684862667	98	100
93	91	0.20499077668806842	87	15
30	94	0.32510349745226363	21	69
175	190	0.05289827336325925	52	50
26	204	0.685484977428044	55	93
174	158	0.7652916391553087	6	70
88	107	0.5041012155943186	85	87
147	108	0.6847519466985387	21	22
190	192	0.8328075183348339	50	24
131	113	0.3365034405884215	91	40
198	41	0.4850767631405629	66	89
213	108	0.2697798698702185	42	22
194	151	0.8975848299533674	25	17
35	103	0.25448536303700064	38	45
165	34	0.6117121615468275	23	21
36	183	0.9655358119025894	87	64
29	22	0.3943537792320724	5	15
204	73	0.6545859494386304	93	39
116	74	0.9921712874752353	55	27
185	40	0.3815945177936245	84	28
57	72	0.25142042594585134	86	21
111	6	0.6645924071824444	52	97
111	137	0.6595636287623118	52	62
36	144	0.6993681663325451	87	52
121	51	0.34804680552888045	45	77
112	129	0.167547690879297	46	91
132	141	0.8307879494226879	44	78
31	194	0.1530827011362228	11	25
72	144	0.16728409044146308	21	52
32	35	0.6311022456160618	42	38
114	210	0.08283123144594506	19	36
185	120	0.7030173856142644	84	72
20	124	0.8069058168213784	78	74
207	114	0.665614815931969	51	19
144	143	0.6269018396403381	52	100
89	116	0.5444478974855687	99	55
159	11	0.20555837018557577	90	41
87	58	0.2200190063360401	79	16
166	2	0.5201164015136123	95	83
124	189	0.14812445502970517	74	68
115	111	0.27656047143993345	93	52
160	164	0.3026960999162005	35	52
158	68	0.9884608073845482	70	99
16	91	0.35083221975182566	64	15
118	22	0.9953274404546367	2	15
188	175	0.46923711329433393	98	52
11	38	0.08929975858751082	41	73
180	150	0.676834117989065	51	50
8	188	0.05428500372649303	27	98
175	111	0.6093100489772395	52	52
56	78	0.48062319726982006	26	98
134	132	0.9932185464492488	99	44
101	172	0.48835158866985307	98	70
133	5	0.25903915432809643	68	84
51	100	0.9901372128238984	77	67
30	165	0.5843562079340018	21	23
110	155	0.6246059067658752	59	16
170	74	0.9130806546405231	59	27
128	54	0.17961248117328366	51	78
86	195	0.47524376857288164	87	27
86	122	0.04633170050180324	87	90
169	2	0.8144760137172566	47	83
187	50	0.9648709705293829	86	88
39	103	0.42502051617711845	32	45
146	86	0.6430172963793149	81	87
200	120	0.2425974575742278	83	72
115	4	0.7913027112374362	93	62
15	37	0.29589017248720895	24	72
213	93	0.8072867123050524	42	87
150	169	0.3829869925090129	50	47
168	172	0.3195322857248325	90	70
149	87	0.7001046223411347	14	79
75	82	0.9064074212348809	19	80
35	210	0.567930552149953	38	36
177	1	0.5857978601052014	47	51
35	97	0.7856239904797457	38	47
78	57	0.20832661486214987	98	86
119	143	0.4324706193897696	84	100
188	156	0.5398190023590067	98	4
98	79	0.0889304401387575	29	16
179	167	0.996805338462435	100	77
176	134	0.03409277403277977	73	99
202	124	0.9242003999334121	25	74
152	90	0.5918946373438807	67	49
3	4	0.1650326523741763	19	62
18	177	0.5451392773950536	85	47
108	144	0.48875728719809974	22	52
161	97	0.42141610014281394	100	47
165	114	0.4406195485424108	23	19
53	167	0.13513735024354045	35	77
166	194	0.18265181445085632	95	25
128	71	0.18542481033759894	51	25
98	161	0.594384353777501	29	100
98	163	0.09914677957672147	29	76
189	50	0.8801756569499046	68	88
204	29	0.1944833853794583	93	5
65	67	0.09144815564422415	13	96
93	198	0.36731216289726154	87	66
81	173	0.09926835304164527	86	42
195	142	0.47947253977590176	27	60
1	98	0.16717643956972916	51	29
13	69	0.855773740637363	15	6
143	145	0.15822535753982825	100	25
102	61	0.018190696826722696	64	65
172	171	0.22832042138973996	70	78
42	178	0.3829871746771687	32	15
162	190	0.3202587988374067	32	50
118	78	0.23307000230147346	2	98
98	128	0.9155601503532901	29	51
35	142	0.13239969411934183	38	60
37	55	0.13780015038850002	72	86
29	110	0.09346754400590385	5	59
171	146	0.903442528668826	78	81
49	45	0.6732737363826722	99	18
81	34	0.31181083131041554	86	21
83	63	0.7155853118126903	91	14
72	199	0.10551560346707933	21	71
176	11	0.44504747476510453	73	41
166	144	0.5206687158406967	95	52
216	7	0.48594650814362983	46	1
196	14	0.556337798753221	54	35
160	140	0.12123887427512747	35	53
83	133	0.720382867327788	91	68
29	77	0.19488737127812272	5	26
141	86	0.4977305528405358	78	87
201	125	0.19557176124319986	92	40
209	45	0.6596784682992439	71	18
41	152	0.3898230271542742	89	67
199	180	0.570573629850593	71	51
200	67	0.8508257924407108	83	96
164	63	0.9111840392995302	52	14
20	206	0.94549560012416	78	21
86	177	0.949688284184336	87	47
73	15	0.3339769470086912	39	24
110	62	0.9939296163001003	59	46
108	210	0.21744071132070986	22	36
12	77	0.9878200780490417	61	26
90	179	0.36118919445174824	49	100
149	157	0.4000171633364624	14	81
24	54	0.012995681909746537	43	78
33	111	0.6365912948217419	27	52
162	94	0.5082176452784	32	69
174	10	0.42237881716143777	6	42
64	17	0.06831719311462647	100	6
118	41	0.5926820436468492	2	89
102	112	0.9772471797465765	64	46
100	101	0.951719807644394	67	98
23	88	0.3446468150618226	64	85
97	64	0.30290501839117123	47	100
28	50	0.3981814780511772	6	88
1	24	0.2765053647717328	51	43
200	153	0.8399049379824568	83	10
199	150	0.08483238684483851	71	50
168	206	0.5717470419318725	90	21
165	95	0.7161809785817285	23	65
216	170	0.7063612893852964	46	59
176	69	0.030818798552086468	73	6
22	126	0.5035489133154393	15	52
93	72	0.34500700056905953	87	21
67	205	0.5478552554272131	96	26
176	66	0.1185628861465522	73	41
81	62	0.6313582368846142	86	46
8	184	0.271156902771736	27	2
24	83	0.01540358941120512	43	91
167	125	0.28130027190245654	77	40
78	155	0.672922611646816	98	16
192	161	0.6684787497015227	24	100
125	28	0.16082805962912206	40	6
152	106	0.8282062459850973	67	36
162	101	0.03838183997822364	32	98
208	92	0.5356212757511674	18	65
165	153	0.18249324811346068	23	10
135	170	0.36365763045668287	72	59
51	31	0.22813790153793734	77	11
173	25	0.721119044981915	42	83
155	140	0.5115464208627273	16	53
68	200	0.7691352595428064	99	83
194	102	0.2720459407827731	25	64
128	131	0.03783941407227487	51	91
52	24	0.27915073183312433	64	43
36	188	0.11689033153777495	87	98
6	133	0.325468008387496	97	68
145	31	0.784994984831368	25	11
107	193	0.09623095368608559	87	31
169	72	0.4857143348967161	47	21
6	120	0.7372945872684381	97	72
209	45	0.39976938142161167	71	18
145	34	0.855713213436156	25	21
202	60	0.5353318333386415	25	40
79	150	0.8050457012300597	16	50
22	116	0.8497122426789451	15	55
23	166	0.957445882489026	64	95
207	62	0.9749609452694599	51	46
198	46	0.1286622368270196	66	15
148	157	0.9100243231389551	7	81
94	151	0.4457731718576984	69	17
190	67	0.4867746847171126	50	96
4	45	0.9566970852308383	62	18
82	157	0.36832402578266976	80	81
93	58	0.3921572463996651	87	16
30	147	0.10973525021743791	21	21
184	37	0.06240922035034169	2	72
58	54	0.6234740441736336	16	78
28	26	0.1942116613225131	6	55
67	87	0.3904927759691411	96	79
21	137	0.5681148357634082	7	62
67	185	0.6667603347503672	96	84
54	65	0.025695307810856494	78	13
189	104	0.8274412282680722	68	18
34	96	0.2522344285942125	21	27
208	167	0.2778575700469881	18	77
157	143	0.7987310725671112	81	100
99	23	0.19946478726265937	27	64
37	175	0.3532371369431361	72	52
126	55	0.3959783465857517	52	86
211	154	0.4517053083119219	60	59
150	151	0.6318375789671778	50	17
49	23	0.5703359790624564	99	64
118	12	0.1683473651960502	2	61
191	48	0.4842139766619765	53	79
121	62	0.826602304311351	45	46
192	54	0.41040791329300974	24	78
36	33	0.8201598056924457	87	27
51	17	0.0882994404245826	77	6
59	77	0.1878494479834807	35	26
84	151	0.3310141773659908	78	17
15	95	0.28418499023753363	24	65
110	207	0.8354201492670849	59	51
39	183	0.27417089928020033	32	64
53	163	0.7326421448020474	35	76
216	144	0.056750067571956886	46	52
202	122	0.8483333714996928	25	90
2	34	0.05219816017465473	83	21
148	122	0.989913097167432	7	90
41	213	0.2992558187357345	89	42
92	184	0.5167025341774514	65	2
4	89	0.8741094678459255	62	99
118	109	0.8291329475517846	2	23
96	178	0.3213561826926181	27	15
197	130	0.726097306620038	91	88
27	89	0.9714492093864695	75	99
160	125	0.66194241829416	35	40
84	60	0.669024390752782	78	40
106	148	0.8046322547679626	36	7
1	34	0.11676501809526174	51	21
55	103	0.10284389022419282	86	45
199	160	0.28151219804519845	71	35
125	111	0.47413185812195213	40	52
28	4	0.3658506643877858	6	62
135	6	0.8687642093834215	72	97
11	69	0.7336417037564026	41	6
96	216	0.4357453884768976	27	46
205	64	0.7204451775058051	26	100
112	73	0.09218294747709532	46	39
166	8	0.9570131608097209	95	27
135	86	0.7668128480771086	72	87
7	149	0.272985197566355	1	14
159	42	0.475783246590336	90	32
143	34	0.39040903536366367	100	21
194	131	0.4808603090286744	25	91
185	174	0.49918555877117543	84	6
57	111	0.8616576929764388	86	52
48	136	0.8902306524309171	79	9
2	69	0.5982902371051763	83	6
59	58	0.5146943314220351	35	16
28	89	0.5632534866463257	6	99
156	38	0.07069954722726046	4	73
129	33	0.19916147467239864	91	27
98	32	0.28728808863547606	29	42
171	74	0.3997704157912825	78	27
210	111	0.7197289135406697	36	52
121	165	0.4938932028496752	45	23
181	196	0.044493907955962086	64	54
102	55	0.10204477648730392	64	86
82	97	0.49990368639245497	80	47
213	8	0.27721973146811274	42	27
216	63	0.8107099494534964	46	14
134	184	0.9225050918545799	99	2
83	100	0.5067856163928719	91	67
32	106	0.5159810974807169	42	36
18	78	0.3189706705292864	85	98
135	203	0.20561413365740666	72	18
130	185	0.8789460475850936	88	84
150	215	0.05343677635613098	50	13
150	207	0.30139890769364963	50	51
14	41	0.5772992631205682	35	89
45	86	0.5587007447349446	18	87
207	26	0.7802671364024016	51	55
105	210	0.7697993059618057	51	36
206	155	0.3430801920652642	21	16
122	28	0.9371029077395874	90	6
143	89	0.4013264545482833	100	99
156	6	0.9360590696963589	4	97
90	187	0.9866562997752595	49	86
203	61	0.5232632183897452	18	65
187	122	0.803119594288974	86	90
187	50	0.8296334408549372	86	88
48	178	0.6689825814564042	79	15
154	95	0.07826674149557811	59	65
81	77	0.9858614972773945	86	26
164	74	0.4031859070746824	52	27
35	210	0.32373900799968713	38	36
52	116	0.737102553531181	64	55
70	204	0.014825267422185928	84	93
83	121	0.33123431313643137	91	45
155	160	0.22302194065554193	16	35
171	50	0.4072998783278702	78	88
26	7	0.8607166390297065	55	1
115	65	0.7764196037202018	93	13
170	160	0.182295435267127	59	35
148	203	0.6431227304263046	7	18
71	122	0.2203588525991378	25	90
136	53	0.7820899417869046	9	35
78	62	0.9557348306497233	98	46
156	89	0.6764263831771465	4	99
18	206	0.06609296526554465	85	21
133	100	0.9412320372048231	68	67
203	42	0.35503564257769127	18	32
132	166	0.3183906123265884	44	95
108	136	0.084170689938741	22	9
164	196	0.4789320906987501	52	54
83	25	0.03734732579727318	91	83
32	121	0.2719082681289998	42	45
170	13	0.35526626653095006	59	15
160	108	0.7480335897619347	35	22
48	212	0.027502758609180722	79	74
62	138	0.1303002260570716	46	56
100	183	0.6888204537284757	67	64
